[ 5.98 -8.31 -4.45 -4.65]
[  4.99 -26.47  -4.39 -10.05]
[ -1.97 -23.27  -2.5   -8.23]
[ -0.42 -21.28  -2.65  -1.67]
[  0.55 -20.22  -3.1   -0.79]
[  0.7  -19.1   -3.09   0.09]
[ 0.48 -7.48 -3.05  3.15]
[ 0.36 32.59 -3.02 11.37]
[ 0.68 31.44 -2.99 10.73]
[ 0.73 30.27 -2.97 10.12]
[ 0.96 29.07 -2.95  9.51]
[ 1.18 27.87 -2.94  8.9 ]
[ 8.04  9.22 -4.75  5.12]
[ 7.95 10.41 -4.88  5.42]
[ 7.87 11.93 -5.01  5.7 ]
[ 8.75  9.75 -5.15  5.15]
[ 8.2  15.23 -5.29  6.13]
[ 8.93 19.19 -5.31  7.46]
[ 8.73 -4.25 -5.22 -0.48]
[  1.78 -29.9   -3.67  -9.01]
[  2.05 -28.85  -3.68  -8.24]
[  2.33 -27.8   -3.68  -7.47]
[  2.6  -26.74  -3.68  -6.69]
[  2.87 -25.69  -3.68  -5.92]
[  3.13 -24.64  -3.68  -5.13]
[  3.38 -23.58  -3.67  -4.33]
[  3.63 -22.52  -3.66  -3.52]
[  3.87 -21.46  -3.65  -2.71]
[  4.09 -20.39  -3.63  -1.89]
[ 4.21  4.8  -3.63  3.84]
[ 4.19 28.77 -3.56 11.58]
[ 4.21 28.76 -3.53 10.9 ]
[ 3.86 29.12 -3.38 10.14]
[ 4.16 29.58 -3.29  9.44]
[ 11.52 -30.27  -4.84  -4.28]
[  5.01 -18.18  -3.22  -1.42]
[  5.52 -17.11  -3.23  -0.61]
[ 1.15e+01 -1.86e+01 -4.38e+00  4.51e-03]
[ 11.33 -17.39  -4.39   0.97]
[11.19 30.4  -4.38 11.21]
[11.09 29.38 -4.28 10.42]
[11.18  4.5  -4.28  4.56]
[10.84  5.92 -4.23  4.85]
[ 3.41  9.27 -2.67  5.13]
[ 3.18 10.74 -2.72  5.44]
[ 2.88 11.44 -2.8   5.52]
[ 9.6  10.85 -4.38  5.58]
[ 9.15 11.94 -4.44  5.62]
[ 1.54 14.83 -3.01  5.64]
[ 0.94 16.6  -3.08  5.65]
[ 0.25 18.93 -3.15  5.69]
[-0.43 20.36 -3.19  5.46]
[-0.78 19.12 -2.79  4.65]
[-0.93 17.31 -2.78  3.8 ]
[-2.8  17.63 -2.63  3.04]
[-3.18 17.36 -2.58  2.21]
[ 3.9  -9.27 -4.38 -3.49]
[ -3.14 -31.44  -2.52  -8.44]
[ -2.86 -30.49  -2.57  -7.73]
[ -2.22 -29.44  -2.62  -6.99]
[ -0.93 -29.3   -2.69  -6.26]
[ -0.48 -27.95  -3.15  -5.53]
[  0.58 -26.89  -3.22  -4.79]
[  1.18 -25.79  -3.28  -4.02]
[  1.38 -24.7   -3.31  -6.  ]
[  1.65 -23.68  -3.35  -5.22]
[  2.33 -22.72  -3.4   -4.45]
[  3.96 -21.77  -3.45  -3.71]
[  4.83 -20.72  -3.5   -2.94]
[  5.7  -19.67  -3.54  -2.16]
[ 6.45  5.6  -3.6   3.54]
[ 7.11 29.53 -3.57  8.45]
[ 7.79 28.4  -3.59  7.74]
[ 15.54 -34.45  -5.24  -6.76]
[ 15.37 -22.4   -5.38  -3.33]
[  9.93 -20.34  -3.71  -2.54]
[ 10.73 -19.28  -3.74  -1.73]
[11.41  5.86 -3.75  4.03]
[ 19.13 -31.55  -5.37  -3.63]
[18.36  0.58 -5.18  6.  ]
[17.54  5.61 -5.23  7.11]
[17.2   5.54 -5.25  7.27]
[16.89  4.66 -5.28  7.24]
[16.56  4.22 -5.3   7.28]
[16.2   3.82 -5.33  7.31]
[15.82  3.48 -5.35  7.33]
[15.41  3.2  -5.38  7.34]
[14.98  2.99 -5.41  7.33]
[14.51  2.86 -5.43  7.31]
[14.02  2.84 -5.47  7.28]
[13.49  2.95 -5.5   7.24]
[12.93  3.21 -5.53  7.19]
[12.33  3.66 -5.56  7.13]
[11.64  5.52 -5.53  7.03]
[10.98  7.55 -5.56  6.97]
[10.25  9.99 -5.6   6.92]
[ 9.45 13.04 -5.63  6.91]
[ 8.59 16.66 -5.65  6.93]
[ 7.91 16.59 -5.63  6.16]
[ 7.24 16.38 -5.61  5.38]
[-0.52 17.77 -3.62  4.63]
[-0.85 17.34 -3.59  3.88]
[-2.9  17.45 -3.26  3.09]
[ 3.87 -1.72 -4.74 -1.43]
[  3.62 -32.92  -4.51  -8.18]
[ -3.1  -30.4   -2.71  -7.46]
[ -2.43 -29.36  -2.77  -6.74]
[ -1.15 -29.24  -2.85  -6.02]
[ -0.7  -27.91  -3.32  -5.3 ]
[  0.4  -26.88  -3.4   -4.59]
[  1.14 -25.8   -3.47  -3.85]
[  1.4  -24.71  -3.51  -5.87]
[  1.48 -23.69  -3.55  -5.08]
[  2.16 -22.74  -3.6   -4.31]
[  2.84 -21.78  -3.66  -3.54]
[  4.5  -20.97  -3.71  -2.8 ]
[  5.37 -19.93  -3.76  -2.04]
[ 6.13  5.36 -3.82  3.63]
[ 6.79 29.29 -3.8   8.54]
[ 7.48 28.15 -3.83  7.82]
[ 8.14 27.01 -3.86  7.1 ]
[ 15.86 -33.11  -5.5   -6.19]
[ 16.64 -23.88  -5.6   -3.74]
[ 10.35 -21.32  -4.    -2.94]
[ 11.16 -20.26  -4.03  -2.14]
[ 11.97 -19.2   -4.05  -1.32]
[12.65  5.98 -4.07  4.23]
[ 20.39 -30.32  -5.68  -3.45]
[19.61  0.2  -5.44  5.89]
[18.74  6.86 -5.42  7.12]
[18.38  6.71 -5.42  7.27]
[18.04  5.79 -5.44  7.21]
[17.68  5.34 -5.45  7.25]
[17.29  4.92 -5.46  7.26]
[16.26  4.7  -5.56  7.31]
[16.42  4.06 -5.5   7.27]
[15.96  3.82 -5.52  7.24]
[15.48  3.65 -5.54  7.21]
[14.97  3.59 -5.57  7.16]
[14.43  3.63 -5.59  7.11]
[13.85  3.83 -5.62  7.04]
[13.24  4.2  -5.65  6.96]
[12.59  4.82 -5.68  6.89]
[11.89  7.04 -5.64  6.77]
[11.16  9.34 -5.67  6.7 ]
[10.36 12.19 -5.7   6.67]
[ 9.47 15.88 -5.72  6.7 ]
[ 8.76 17.32 -5.71  6.23]
[ 8.07 16.48 -5.69  5.29]
[ 0.3  17.93 -4.15  4.53]
[-0.37 17.85 -4.11  3.78]
[-0.8  17.73 -3.68  3.03]
[-0.91 17.59 -3.66  2.28]
[-1.07 -9.58 -3.66 -3.34]
[ -4.08 -32.25  -2.89 -10.36]
[ -4.17 -30.97  -2.73  -4.15]
[ -4.29 -31.05  -2.73  -6.88]
[ -4.1  -30.02  -2.77  -6.16]
[ -3.05 -29.68  -2.85  -5.43]
[ -2.79 -28.36  -2.89  -4.68]
[ -1.83 -27.34  -2.97  -3.94]
[ -0.75 -26.32  -3.46  -3.19]
[  0.16 -25.28  -3.53  -5.22]
[  0.99 -24.23  -3.59  -4.45]
[  1.14 -23.11  -3.61  -3.67]
[  1.08 -22.01  -3.61  -2.88]
[  1.3  -20.99  -3.64  -2.1 ]
[ 1.74  4.42 -3.7   3.56]
[ 2.02 28.27 -3.69  8.47]
[ 2.39 27.04 -3.71  7.74]
[ 2.72 25.8  -3.73  7.02]
[ 3.97 24.57 -3.75  6.26]
[ 4.42 23.44 -3.77  5.53]
[ 4.86 22.31 -3.78  4.8 ]
[ 5.29 21.19 -3.79  4.07]
[ 12.79 -38.82  -5.43  -9.68]
[ 13.34 -29.83  -5.47  -7.01]
[  6.92 -27.25  -3.84  -6.23]
[  7.58 -26.18  -3.86  -5.43]
[  7.55 -25.07  -3.89  -4.6 ]
[  8.78 -24.36  -3.87  -3.79]
[  9.44 -23.29  -3.88  -2.97]
[ 10.1  -22.2   -3.88  -2.15]
[ 10.75 -21.12  -3.89  -1.32]
[11.28  4.04 -3.88  4.45]
[ 18.85 -36.61  -5.54  -5.1 ]
[ 19.42 -21.5   -5.58  -0.98]
[19.88 -3.18 -5.57  3.82]
[10.22  8.66 -3.37  8.19]
[ 9.6   9.01 -3.36  8.13]
[ 9.28  7.44 -3.4   7.76]
[ 8.99  7.18 -3.43  7.87]
[ 8.69  6.79 -3.47  7.84]
[ 8.39  6.35 -3.51  7.8 ]
[ 8.07  5.98 -3.55  7.76]
[ 7.72  5.62 -3.59  7.69]
[ 7.35  5.33 -3.63  7.61]
[ 6.94  5.13 -3.67  7.52]
[ 6.51  5.04 -3.71  7.43]
[ 6.03  5.09 -3.75  7.33]
[ 5.52  5.3  -3.8   7.22]
[ 4.92  6.6  -3.78  7.06]
[ 4.34  8.31 -3.82  6.94]
[ 3.7  10.37 -3.86  6.84]
[ 3.   12.92 -3.91  6.76]
[ 2.22 16.18 -3.94  6.74]
[ 1.49 18.74 -3.94  6.51]
[ 0.86 18.02 -3.91  5.59]
[ 0.23 17.93 -3.89  4.82]
[-0.4  17.82 -3.86  4.06]
[-0.77 17.69 -3.42  3.3 ]
[-0.85 17.52 -3.41  2.54]
[-3.39 17.55 -2.84  1.68]
[-3.68 -7.74 -2.72 -3.62]
[ -4.24 -30.95  -2.73  -8.54]
[ -3.6  -30.81  -2.77  -7.84]
[ -3.54 -29.9   -2.79  -7.13]
[ -3.19 -28.84  -2.83  -6.41]
[ -2.52 -27.79  -2.88  -8.47]
[ -1.71 -26.76  -2.95  -7.75]
[ -0.47 -25.86  -3.02  -4.24]
[  0.3  -24.67  -3.5   -3.5 ]
[  1.02 -23.59  -3.55  -2.73]
[  1.13 -22.45  -3.57  -4.72]
[  1.05 -21.36  -3.58  -3.95]
[  1.46 -20.35  -3.61  -3.18]
[  2.02 -19.35  -3.64  -2.41]
[  2.57 -18.35  -3.68  -1.64]
[ 3.99  6.92 -3.75  3.67]
[ 4.47 30.86 -3.72  8.57]
[ 5.03 29.76 -3.74  7.84]
[ 5.56 28.64 -3.75  7.12]
[ 6.08 27.52 -3.76  6.42]
[ 6.57 26.4  -3.77  5.72]
[ 14.14 -39.15  -5.43  -8.15]
[  7.66 -22.96  -3.82  -4.73]
[  8.31 -21.89  -3.83  -3.91]
[  8.96 -20.81  -3.84  -3.08]
[  9.6  -19.73  -3.85  -2.25]
[ 10.25 -18.65  -3.85  -1.42]
[10.77  6.47 -3.85  4.32]
[18.3  -1.77 -5.48  3.64]
[ 9.18 10.16 -3.42  7.73]
[ 8.89  8.15 -3.44  7.45]
[ 8.64  7.12 -3.49  7.38]
[ 8.36  6.67 -3.53  7.42]
[ 7.36  6.96 -3.61  7.6 ]
[ 7.66  5.67 -3.6   7.47]
[ 7.3   5.38 -3.64  7.47]
[ 6.91  5.17 -3.68  7.47]
[13.53  3.83 -5.27  7.51]
[13.08  3.75 -5.31  7.45]
[ 5.5   5.37 -3.8   7.4 ]
[ 4.97  5.65 -3.84  7.35]
[ 4.4   6.13 -3.88  7.29]
[ 3.78  6.88 -3.92  7.23]
[ 3.1   9.43 -3.9   7.14]
[ 2.39 11.91 -3.95  7.08]
[ 1.61 15.09 -3.98  7.08]
[ 0.81 18.26 -3.99  6.99]
[ 0.15 17.76 -3.95  6.14]
[-0.51 17.44 -3.5   5.39]
[ 5.15 -2.27 -4.74  0.77]
[ 4.65  3.57 -4.51  1.49]
[ 4.28  9.86 -4.45  2.25]
[ 3.86 12.34 -4.45  2.07]
[ 3.43 15.06 -4.45  1.86]
[-3.72 -7.6  -2.66 -3.64]
[ -3.39 -32.1   -2.71  -8.6 ]
[ -3.58 -31.13  -2.73  -7.86]
[ -3.27 -30.19  -2.78  -7.12]
[ -2.66 -29.11  -2.84  -6.37]
[ -1.88 -28.08  -2.91  -5.62]
[ -0.6  -27.66  -3.4   -4.87]
[-1.73e-02 -2.63e+01 -3.46e+00 -4.13e+00]
[  0.93 -25.29  -3.53  -6.15]
[  1.19 -24.16  -3.57  -5.37]
[  1.22 -23.06  -3.59  -4.58]
[  1.51 -22.05  -3.63  -3.8 ]
[  2.09 -21.06  -3.67  -3.02]
[  2.67 -20.08  -3.71  -2.25]
[ 4.11  5.23 -3.78  3.39]
[ 4.64 29.19 -3.76  8.31]
[ 4.41 28.06 -3.79  7.6 ]
[ 5.65 26.64 -3.81  6.86]
[ 6.17 25.51 -3.83  6.13]
[ 6.68 24.37 -3.84  5.4 ]
[ 14.26 -34.87  -5.48  -8.03]
[ 14.89 -26.62  -5.55  -5.63]
[  8.51 -24.06  -3.94  -4.86]
[  9.22 -23.    -3.97  -4.09]
[  9.93 -21.95  -3.99  -3.33]
[ 10.63 -20.88  -4.01  -2.56]
[ 11.33 -19.82  -4.02  -1.78]
[11.92  5.38 -4.02  3.92]
[ 19.54 -33.74  -5.65  -5.12]
[ 20.17 -20.26  -5.72  -1.43]
[ 20.68 -22.92  -5.71  -1.7 ]
[ 21.19 -19.67  -5.7   -0.36]
[ 21.64 -16.82  -5.65   1.17]
[20.24  9.59 -5.43  9.82]
[18.22 10.81 -5.18  9.73]
[10.65  9.11 -3.67  8.96]
[10.03  9.61 -3.67  8.96]
[ 9.63  8.84 -3.7   8.68]
[ 9.26  8.39 -3.74  8.29]
[ 8.85  7.98 -3.77  8.07]
[ 8.42  7.64 -3.81  7.96]
[ 7.97  7.38 -3.84  7.84]
[ 7.49  7.22 -3.88  7.71]
[ 6.98  7.17 -3.92  7.56]
[ 6.44  7.27 -3.96  7.41]
[ 5.86  7.55 -4.    7.28]
[ 5.24  8.07 -4.03  7.16]
[ 4.54  9.9  -4.01  7.01]
[ 3.84 12.14 -4.05  6.9 ]
[ 3.06 14.92 -4.09  6.83]
[ 2.23 18.35 -4.11  6.8 ]
[ 1.59 19.   -4.09  6.16]
[ 0.95 18.21 -4.07  5.24]
[ 0.32 18.15 -4.04  4.48]
[-0.3  18.07 -4.01  3.73]
[-0.73 17.96 -3.57  2.98]
[-0.85 17.83 -3.55  2.23]
[-0.89 -7.3  -3.56 -3.41]
[ -1.08 -33.93  -3.59  -8.3 ]
[ -1.44 -36.29  -3.53  -7.56]
[ -3.02 -31.81  -3.2   -6.75]
[ -3.92 -30.8   -3.02  -6.06]
[ -3.72 -29.81  -3.01  -5.35]
[ -3.32 -28.75  -3.05  -4.61]
[ -2.31 -28.57  -3.11  -3.88]
[ -2.15 -27.15  -3.15  -3.13]
[ -1.28 -26.11  -3.21  -2.38]
[ -0.27 -25.08  -3.69  -1.63]
[  0.79 -24.04  -3.76  -0.9 ]
[  1.16 -22.91  -3.79  -2.89]
[  1.19 -21.81  -3.8   -2.11]
[ 1.3   3.56 -3.85  3.56]
[ 1.66 27.39 -3.84  8.47]
[ 2.08 26.14 -3.87  7.72]
[ 2.46 24.89 -3.89  6.98]
[ 3.79 23.16 -3.91  6.23]
[ 4.29 22.03 -3.92  5.5 ]
[ 4.78 20.91 -3.93  4.77]
[ 12.34 -43.32  -5.59  -9.04]
[ 12.94 -30.    -5.61  -5.82]
[  6.56 -27.42  -3.97  -5.04]
[  7.27 -26.36  -3.98  -4.27]
[  7.97 -25.29  -3.99  -3.5 ]
[  8.68 -24.23  -4.01  -2.74]
[  9.38 -23.16  -4.02  -1.94]
[ 10.08 -22.09  -4.02  -1.11]
[10.64  3.   -4.04  4.21]
[16.91  2.57 -5.52  7.22]
[15.24 -0.08 -5.48  6.83]
[ 7.03  9.45 -3.89  8.51]
[ 6.28 13.48 -3.92  9.18]
[ 5.45 17.82 -3.96  9.74]
[11.69  9.08 -5.48  7.76]
[ 3.95 14.16 -4.07  8.13]
[ 3.24 15.2  -4.12  7.96]
[ 2.46 16.71 -4.17  7.79]
[ 1.68 18.23 -4.19  7.57]
[ 0.95 18.36 -4.17  6.74]
[ 0.36 18.01 -4.15  5.91]
[-0.23 17.92 -4.13  5.15]
[-0.67 17.8  -3.71  4.4 ]
[-0.8  17.67 -3.7   3.64]
[-0.88 17.55 -3.7   2.89]
[-1.24 16.24 -3.7   2.17]
[ 3.67 -9.19 -5.19 -3.48]
[ -4.29 -30.94  -3.29  -8.36]
[ -3.84 -30.45  -3.31  -7.64]
[ -4.3  -29.26  -3.23  -6.94]
[ -3.77 -28.55  -3.27  -6.22]
[ -3.39 -27.52  -3.32  -5.49]
[ -2.73 -26.48  -3.38  -4.74]
[ -1.46 -26.22  -3.45  -3.99]
[ -0.99 -24.69  -3.51  -3.25]
[  0.1  -23.64  -3.99  -2.49]
[  0.96 -22.57  -4.04  -4.51]
[  1.1  -21.43  -4.05  -3.72]
[  0.98 -20.32  -4.04  -2.93]
[  1.21 -19.28  -4.05  -2.15]
[ 1.65  6.1  -4.11  3.53]
[ 1.93 29.96 -4.1   8.45]
[ 2.31 28.75 -4.11  7.73]
[ 3.62 27.56 -4.14  6.97]
[ 4.1  26.44 -4.15  6.25]
[ 4.56 25.32 -4.16  5.52]
[ 5.01 24.19 -4.17  4.8 ]
[ 12.53 -38.17  -5.83  -8.14]
[ 13.11 -26.73  -5.89  -5.49]
[ 13.76 -25.65  -5.91  -4.68]
[  7.32 -23.07  -4.23  -3.87]
[  7.97 -21.99  -4.24  -3.05]
[  7.83 -20.86  -4.26  -2.2 ]
[  9.16 -20.12  -4.24  -1.39]
[ 9.68  5.   -4.24  4.37]
[17.22 -2.85 -5.91  3.48]
[ 7.71 11.95 -3.71  8.41]
[ 6.69 11.78 -3.68  8.26]
[ 5.95 15.06 -3.75  8.85]
[ 5.48 13.43 -3.81  8.36]
[ 4.96 13.53 -3.86  8.22]
[ 4.41 13.81 -3.91  8.07]
[ 3.81 14.33 -3.96  7.94]
[ 3.16 15.17 -4.01  7.83]
[ 2.45 16.41 -4.06  7.73]
[ 1.67 18.27 -4.1   7.67]
[ 0.91 19.71 -4.1   7.45]
[-0.31 17.94 -4.06  6.56]
[-0.51 17.69 -4.02  5.81]
[-0.76 17.57 -3.59  5.05]
[-0.77 15.61 -3.58  4.31]
[ 3.97 15.82 -5.13  3.57]
[ 3.29 11.7  -4.59  2.03]
[-3.96 17.26 -2.71  2.25]
[ 3.29 -9.38 -4.53 -3.45]
[ -3.87 -31.17  -2.74  -8.39]
[ -3.36 -30.13  -2.8   -7.66]
[ -2.18 -30.    -2.87  -6.93]
[ -1.82 -28.7   -2.93  -6.21]
[ -0.78 -27.69  -3.42  -5.49]
[  0.37 -26.7   -3.51  -4.77]
[  1.19 -25.63  -3.57  -6.8 ]
[  1.48 -24.53  -3.62  -6.03]
[  1.6  -23.49  -3.65  -5.24]
[  2.12 -22.52  -3.7   -4.47]
[  2.81 -21.57  -3.76  -3.69]
[  3.51 -20.62  -3.81  -2.92]
[  5.17 -19.67  -3.87  -2.18]
[  5.16 -18.62  -3.92  -1.37]
[ 6.71  6.42 -3.98  3.79]
[ 7.39 30.35 -3.95  8.71]
[ 8.11 29.22 -3.98  7.99]
[ 8.8  28.09 -4.01  7.27]
[ 9.46 26.94 -4.03  6.56]
[ 17.19 -32.53  -5.69  -5.74]
[ 17.96 -24.01  -5.79  -3.81]
[ 11.69 -21.44  -4.18  -3.01]
[ 12.52 -20.38  -4.2   -2.21]
[ 13.34 -19.31  -4.23  -1.41]
[14.05  5.91 -4.24  4.29]
[ 21.84 -31.35  -5.86  -3.79]
[20.92 -0.92 -5.57  5.62]
[19.84  7.51 -5.49  7.11]
[19.27  7.63 -5.49  7.29]
[19.09  6.63 -5.48  7.21]
[18.73  6.16 -5.49  7.23]
[18.35  5.71 -5.49  7.23]
[17.95  5.31 -5.5   7.22]
[17.53  4.95 -5.52  7.19]
[17.09  4.66 -5.53  7.15]
[16.09  4.33 -5.63  7.09]
[16.11  4.18 -5.56  7.05]
[15.58  4.18 -5.57  6.98]
[15.03  4.28 -5.59  6.9 ]
[14.44  4.57 -5.61  6.81]
[13.8   5.08 -5.63  6.71]
[13.12  6.68 -5.58  6.56]
[12.41  8.89 -5.6   6.48]
[11.63 11.6  -5.62  6.4 ]
[10.77 15.16 -5.63  6.4 ]
[10.05 17.39 -5.62  6.08]
[ 9.38 16.55 -5.61  5.13]
[ 1.64 18.01 -4.12  4.36]
[ 0.99 17.96 -4.1   3.61]
[ 0.34 17.89 -4.07  2.86]
[-0.3  17.81 -4.04  2.12]
[-0.49 -7.34 -3.62 -3.42]
[ -0.85 -30.83  -3.62  -8.34]
[ -0.6  -30.    -3.62  -7.61]
[ -0.66 -31.22  -3.63  -6.84]
[ -3.41 -29.2   -3.25  -6.13]
[ -3.32 -28.25  -3.25  -5.42]
[ -3.15 -27.26  -3.26  -4.68]
[ -2.74 -26.28  -3.28  -3.96]
[ -1.75 -25.76  -3.34  -3.23]
[ -1.85 -24.3   -3.35  -2.49]
[ -0.86 -23.28  -3.41  -4.52]
[  0.06 -22.25  -3.46  -3.76]
[  0.78 -21.2   -3.9   -2.98]
[  0.86 -20.06  -3.89  -2.19]
[  0.67 -18.93  -3.87  -1.38]
[ 0.41  6.49 -3.88  3.89]
[ 0.59 30.37 -3.86  8.82]
[ 0.72 29.2  -3.84  8.11]
[ 0.91 28.01 -3.83  7.41]
[ 1.08 26.81 -3.82  6.71]
[ 2.2  25.35 -3.83  6.  ]
[ 2.48 24.24 -3.82  5.3 ]
[ 2.76 23.12 -3.8   4.61]
[ 3.02 22.01 -3.78  3.92]
[ 3.28 20.89 -3.76  3.23]
[ 10.62 -40.34  -5.43  -9.95]
[ 11.02 -29.84  -5.44  -7.17]
[ 11.52 -28.75  -5.44  -6.36]
[  4.31 -26.14  -3.14  -2.9 ]
[ 12.15 -26.81  -4.82  -4.96]
[ 12.76 -26.38  -4.81  -1.56]
[13.63 -7.39 -4.84  3.46]
[12.52  1.84 -4.41  5.18]
[11.99  1.82 -4.47  5.22]
[11.76  2.62 -4.53  5.43]
[ 4.4   4.3  -3.04  5.61]
[ 4.08  4.59 -3.11  5.69]
[ 3.71  5.02 -3.17  5.74]
[ 3.29  5.64 -3.23  5.79]
[ 2.81  6.49 -3.29  5.83]
[ 2.27  7.64 -3.35  5.86]
[ 1.65  8.86 -3.38  5.63]
[ 1.01 12.17 -3.44  5.76]
[ 0.27 16.46 -3.48  5.97]
[-0.34 17.17 -3.45  5.63]
[-1.54  8.55 -2.93  3.01]
[ 5.41  0.04 -4.29  0.97]
[ 5.09  8.81 -4.27  2.29]
[ 4.7  11.19 -4.25  2.19]
[ 4.28 13.91 -4.24  2.07]
[-2.86 -7.71 -2.45 -3.12]
[ -2.53 -32.35  -2.49  -8.09]
[ -2.72 -31.46  -2.5   -7.37]
[ -2.42 -30.46  -2.54  -6.65]
[ -1.8  -29.44  -3.01  -5.93]
[ -1.07 -28.43  -3.07  -7.98]
[  0.27 -28.32  -3.15  -4.49]
[  0.62 -26.9   -3.2   -3.76]
[  1.02 -25.81  -3.25  -3.01]
[  1.03 -24.72  -3.28  -5.01]
[  1.29 -23.71  -3.32  -4.24]
[  1.8  -22.73  -3.36  -3.47]
[  3.28 -21.78  -3.41  -2.74]
[  3.98 -20.73  -3.45  -1.97]
[ 4.58  4.61 -3.51  3.71]
[ 5.06 28.56 -3.49  8.61]
[ 5.57 27.44 -3.51  7.89]
[ 6.06 26.32 -3.53  7.17]
[ 6.53 25.19 -3.54  6.45]
[ 6.99 24.06 -3.56  5.74]
[ 14.51 -34.99  -5.19  -7.7 ]
[ 14.15 -26.8   -5.29  -5.24]
[  8.53 -24.91  -3.63  -4.46]
[  9.18 -23.85  -3.64  -3.65]
[  9.83 -22.78  -3.65  -2.83]
[ 10.49 -21.7   -3.66  -2.02]
[ 11.14 -20.63  -3.67  -1.2 ]
[11.66  4.51 -3.67  4.61]
[ 19.24 -32.04  -5.3   -4.07]
[ 19.82 -21.02  -5.36  -0.89]
[ 20.28 -20.05  -5.35  -0.43]
[19.14 -0.31 -5.22  6.72]
[17.65 10.43 -5.09  8.7 ]
[10.01 10.22 -3.51  8.21]
[ 9.71  9.9  -3.54  8.29]
[ 9.4   9.39 -3.58  8.2 ]
[ 9.06  8.92 -3.61  8.12]
[ 8.69  8.52 -3.64  8.04]
[ 8.3   8.2  -3.68  7.94]
[ 7.88  7.96 -3.71  7.83]
[ 7.42  7.82 -3.75  7.72]
[ 6.94  7.81 -3.78  7.59]
[ 6.42  7.95 -3.82  7.46]
[ 5.85  8.29 -3.85  7.32]
[ 5.24  8.89 -3.89  7.19]
[ 4.58  9.84 -3.92  7.07]
[ 3.84 12.22 -3.89  6.91]
[ 3.06 15.35 -3.92  6.86]
[ 2.29 18.37 -3.93  6.7 ]
[ 1.67 17.96 -3.91  5.82]
[ 1.05 17.92 -3.89  5.04]
[ 0.43 17.88 -3.87  4.27]
[-0.18 17.82 -3.85  3.51]
[-0.67 17.73 -3.41  2.76]
[-0.82 16.68 -3.39  2.  ]
[-2.72 -7.51 -2.96 -3.39]
[ -2.87 -31.81  -2.72  -8.44]
[ -2.95 -31.34  -2.66 -10.56]
[ -2.7  -30.37  -2.7   -9.85]
[ -2.07 -29.32  -2.75  -9.14]
[ -0.8  -29.17  -3.24  -5.67]
[ -0.37 -27.81  -3.28  -4.95]
[  0.65 -26.76  -3.35  -6.97]
[  1.14 -25.65  -3.4   -6.2 ]
[  1.28 -24.56  -3.44  -5.44]
[  1.52 -23.53  -3.48  -4.66]
[  2.13 -22.56  -3.52  -3.9 ]
[  3.69 -21.61  -3.57  -3.15]
[  4.49 -20.56  -3.61  -2.39]
[  5.29 -19.5   -3.66  -1.62]
[ 5.98  5.81 -3.71  3.7 ]
[ 6.57 29.75 -3.68  8.6 ]
[ 7.19 28.62 -3.7   7.87]
[ 7.79 27.49 -3.72  7.14]
[ 8.37 26.36 -3.73  6.41]
[ 16.01 -34.55  -5.38  -7.42]
[ 16.7  -24.51  -5.46  -4.59]
[ 10.36 -21.95  -3.84  -3.77]
[ 11.1  -20.88  -3.86  -2.95]
[ 11.84 -19.82  -3.87  -2.13]
[ 12.59 -18.75  -3.88  -1.3 ]
[13.2   6.35 -3.88  4.37]
[ 20.88 -34.95  -5.5   -4.18]
[20.4  -0.56 -5.61  4.6 ]
[19.4   5.84 -4.82  5.26]
[11.77  7.34 -3.24  7.98]
[11.55  6.5  -3.28  7.75]
[11.35  5.77 -3.31  7.62]
[11.16  5.1  -3.34  7.44]
[10.99  4.47 -3.37  7.47]
[10.8   3.84 -3.4   7.46]
[10.58  3.24 -3.43  7.43]
[10.35  2.67 -3.46  7.38]
[10.09  2.14 -3.49  7.35]
[ 9.81  1.65 -3.52  7.27]
[ 9.5   1.22 -3.55  7.19]
[ 9.17  0.84 -3.58  7.08]
[ 8.81  0.55 -3.61  6.96]
[ 8.41  1.38 -3.57  6.81]
[ 8.02  2.29 -3.61  6.69]
[ 7.61  3.31 -3.64  6.55]
[ 7.15  4.47 -3.67  6.41]
[ 6.66  5.83 -3.7   6.26]
[ 6.12  7.44 -3.73  6.15]
[ 5.52  9.38 -3.76  6.06]
[ 4.86 11.76 -3.79  5.99]
[ 4.13 14.79 -3.81  5.97]
[ 3.34 18.38 -3.83  5.97]
[ 2.77 18.47 -3.82  5.23]
[ 2.19 18.26 -3.8   4.42]
[ 1.63 18.25 -3.79  3.67]
[ 1.06 18.23 -3.77  2.92]
[ 0.51 18.19 -3.75  2.17]
[ 0.08 -6.89 -3.74 -3.44]
[ -0.28 -30.3   -3.74  -8.37]
[ -0.39 -29.36  -3.73  -7.61]
[ -0.39 -28.47  -3.31  -6.86]
[ -0.33 -27.63  -3.31  -6.1 ]
[ -0.24 -27.54  -3.32  -5.33]
[ -2.1  -25.91  -3.23  -4.58]
[ -1.94 -24.89  -3.23  -3.83]
[ -1.69 -23.85  -3.24  -3.08]
[ -0.8  -23.87  -3.28  -2.32]
[ -1.17 -21.92  -3.27  -1.56]
[ -0.33 -20.88  -3.31  -0.81]
[  0.5  -19.85  -3.35  -0.04]
[  0.66 -18.74  -3.74  -2.04]
[ 0.44  6.7  -3.76  3.66]
[ 0.65 30.64 -3.74  8.56]
[ 0.29 30.8  -3.7  10.62]
[ 0.29 30.7  -3.66  9.87]
[ 0.31 31.03 -3.6   9.11]
[ 0.26 31.46 -3.14  8.35]
[ 2.91e-02  3.18e+01 -3.07e+00  7.59e+00]
[-0.83 31.87 -2.85  6.69]
[-1.11 31.62 -2.81  5.84]
[-1.04 31.53 -2.81  5.06]
[-0.87 31.27 -2.82  4.26]
[-0.59 30.94 -3.26  3.47]
[-0.3  30.61 -3.27  2.7 ]
[  7.05 -17.33  -4.75  -7.67]
[  6.56 -19.64  -4.81  -8.34]
[ -0.82 -16.99  -3.32  -9.9 ]
[  0.55 -17.58  -3.38  -9.17]
[  0.5  -17.57  -3.39  -8.4 ]
[  0.43 -17.6   -3.39  -7.64]
[  0.76 -17.67  -3.42  -6.88]
[  1.11 -17.74  -3.44  -6.13]
[  1.45 -17.8   -3.46  -5.37]
[  2.8  -16.86  -3.54  -4.63]
[  3.26 -17.53  -3.52  -3.87]
[  3.73 -17.53  -3.54  -3.09]
[  4.2  -17.52  -3.55  -2.32]
[  4.66 -17.51  -3.57  -1.55]
[ 5.02  6.83 -3.6   3.7 ]
[ 5.29 30.77 -3.58  8.6 ]
[ 5.64 29.67 -3.58  7.87]
[ 5.97 28.56 -3.58  7.15]
[ 6.29 27.45 -3.57  6.42]
[ 6.59 26.34 -3.56  5.7 ]
[ 13.96 -31.21  -5.22  -6.44]
[ 14.42 -24.51  -5.28  -4.83]
[  7.82 -21.93  -3.59  -4.05]
[  8.31 -20.84  -3.58  -3.28]
[  7.99 -19.7   -3.58  -2.45]
[  9.17 -18.95  -3.55  -1.65]
[ 9.53  6.13 -3.53  4.31]
[ 9.79  8.47 -3.44  4.37]
[ 9.48 -1.39 -3.35  2.95]
[14.07  6.33 -4.67  6.63]
[ 6.7   8.64 -3.13  6.99]
[ 6.26 10.15 -3.22  7.4 ]
[ 5.29 14.72 -3.24  8.22]
[ 5.68  6.63 -3.29  6.83]
[ 5.17 10.77 -3.35  7.74]
[ 4.6  13.59 -3.41  8.53]
[ 3.98  7.33 -3.48  6.73]
[ 3.52 10.12 -3.56  7.15]
[ 3.01 10.7  -3.62  6.99]
[ 2.43 11.69 -3.68  6.87]
[ 1.78 13.19 -3.74  6.77]
[ 1.03 16.64 -3.73  6.66]
[ 0.39 18.71 -3.72  6.32]
[-0.18 17.95 -3.71  5.4 ]
[-0.63 17.86 -3.7   4.64]
[-0.78 17.75 -3.28  3.89]
[-0.8  17.64 -3.29  3.14]
[ 5.82 15.07 -5.18  2.38]
[ 3.41 15.99 -4.97  1.67]
[-4.41 -7.66 -3.03 -3.65]
[ -3.9  -32.36  -3.06  -8.59]
[ -4.86 -32.17  -2.72  -7.96]
[ -5.31 -31.2   -2.73  -7.23]
[ -4.74 -30.37  -2.78  -6.51]
[ -3.77 -30.31  -2.86  -5.78]
[ -3.62 -28.94  -2.9   -5.04]
[ -2.72 -27.87  -2.97  -4.29]
[ -1.69 -26.82  -3.05  -3.55]
[ -0.52 -25.79  -3.13  -2.83]
[  0.52 -24.73  -3.61  -4.84]
[  1.2  -23.63  -3.66  -4.07]
[  1.39 -22.51  -3.67  -3.3 ]
[  1.37 -21.47  -3.68  -2.53]
[  2.03 -20.49  -3.73  -1.76]
[ 2.62  4.88 -3.8   3.62]
[ 3.06 28.69 -3.79  8.53]
[ 3.57 27.44 -3.83  7.8 ]
[ 4.99 26.21 -3.86  7.05]
[ 5.6  25.07 -3.88  6.32]
[ 6.19 23.92 -3.9   5.59]
[ 13.84 -37.61  -5.56  -7.8 ]
[ 13.61 -27.04  -5.67  -5.08]
[  8.12 -25.19  -3.99  -4.35]
[  8.91 -24.13  -4.01  -3.58]
[  9.69 -23.06  -4.03  -2.77]
[ 10.48 -21.99  -4.05  -1.95]
[ 11.27 -20.92  -4.06  -1.12]
[11.92  4.26 -4.07  4.19]
[ 19.64 -34.69  -5.73  -3.7 ]
[18.54 -2.24 -5.49  6.39]
[17.43  5.8  -5.54  7.62]
[16.96  5.79 -5.58  7.5 ]
[16.51  5.   -5.61  7.57]
[16.03  4.86 -5.62  7.63]
[15.53  4.71 -5.64  7.69]
[15.    4.66 -5.66  7.74]
[14.45  4.7  -5.69  7.78]
[13.86  4.84 -5.71  7.8 ]
[13.24  5.12 -5.74  7.8 ]
[12.59  5.57 -5.77  7.79]
[11.91  6.21 -5.81  7.77]
[11.17  7.15 -5.84  7.76]
[10.39  8.43 -5.87  7.74]
[ 9.49 11.62 -5.84  7.71]
[ 8.6  15.1  -5.87  7.76]
[ 7.8  17.18 -5.83  7.47]
[ 7.05 16.13 -5.76  6.52]
[ 5.15 -3.5  -4.79  1.65]
[ 4.51  4.86 -4.51  2.85]
[ 4.1   9.69 -4.46  3.3 ]
[ 3.67 11.98 -4.46  3.12]
[ 3.2  14.47 -4.47  2.9 ]
[ 2.81 16.26 -4.48  2.48]
[-4.5  17.38 -2.68  1.61]
[-4.34 -7.76 -2.72 -3.72]
[ -3.87 -32.56  -2.79  -8.66]
[ -4.26 -31.24  -2.8   -7.94]
[ -3.64 -30.19  -2.86  -7.22]
[ -2.92 -29.14  -2.93  -6.51]
[ -2.03 -28.12  -3.    -5.8 ]
[ -0.88 -27.11  -3.5   -7.84]
[-6.46e-03 -2.61e+01 -3.57e+00 -4.31e+00]
[  0.89 -25.05  -3.64  -6.34]
[  1.12 -23.93  -3.67  -5.55]
[  1.09 -22.82  -3.68  -4.78]
[  1.07 -21.77  -3.69  -4.01]
[  1.56 -20.78  -3.73  -3.24]
[  2.06 -19.78  -3.76  -2.47]
[  2.55 -18.78  -3.8   -1.7 ]
[ 2.94  6.64 -3.85  3.61]
[ 3.2  30.5  -3.82  8.52]
[ 4.54 29.11 -3.85  7.78]
[ 5.01 28.   -3.86  7.05]
[ 5.46 26.88 -3.87  6.32]
[ 5.89 25.76 -3.88  5.59]
[ 6.31 24.63 -3.89  4.86]
[ 13.8  -37.75  -5.53  -9.44]
[  7.26 -24.87  -3.94  -6.2 ]
[  7.88 -23.8   -3.96  -5.39]
[  8.49 -22.73  -3.96  -4.59]
[  9.1  -21.66  -3.97  -3.77]
[  9.71 -20.58  -3.97  -2.95]
[ 10.32 -19.49  -3.97  -2.12]
[ 10.92 -18.4   -3.97  -1.28]
[11.39  6.78 -3.96  4.38]
[ 18.9  -33.08  -5.6   -4.87]
[ 19.46 -18.75  -5.66  -0.95]
[ 19.85 -19.88  -5.6   -0.59]
[11.43 11.8  -3.83  8.98]
[16.59 11.22 -5.24  8.92]
[15.61  9.65 -5.15  8.51]
[15.22 10.3  -5.19  8.6 ]
[ 7.72 11.44 -3.72  8.47]
[ 7.28 11.19 -3.76  8.34]
[ 6.81 11.04 -3.8   8.2 ]
[ 6.3  11.03 -3.84  8.05]
[ 5.76 11.18 -3.89  7.9 ]
[ 5.18 11.53 -3.93  7.74]
[ 4.55 12.15 -3.97  7.59]
[ 3.86 13.12 -4.02  7.46]
[ 3.12 14.58 -4.06  7.35]
[ 2.29 16.78 -4.09  7.29]
[ 1.51 18.37 -4.05  6.76]
[ 0.89 17.91 -4.03  5.88]
[ 0.27 17.85 -4.01  5.09]
[-0.34 17.77 -3.98  4.32]
[-0.73 17.66 -3.55  3.54]
[-0.83 17.23 -3.53  2.78]
[-2.97 17.44 -3.16  1.95]
[-3.22 -7.7  -3.03 -3.59]
[ -3.58 -31.49  -2.78  -8.62]
[ -3.42 -30.66  -2.82  -7.92]
[ -2.95 -29.61  -2.87  -7.19]
[ -1.77 -29.49  -2.94  -6.46]
[ -1.43 -28.14  -3.    -5.72]
[ -0.39 -27.11  -3.48  -4.97]
[  0.69 -26.06  -3.56  -4.22]
[  1.21 -24.95  -3.61  -6.25]
[  1.38 -23.83  -3.64  -5.47]
[  1.52 -22.81  -3.68  -4.7 ]
[  2.17 -21.84  -3.73  -3.93]
[  2.82 -20.86  -3.78  -3.16]
[  3.47 -19.89  -3.82  -2.39]
[  5.14 -19.26  -3.87  -1.65]
[ 5.85  6.11 -3.93  3.66]
[ 6.47 30.05 -3.9   8.57]
[ 7.13 28.92 -3.93  7.84]
[ 7.76 27.79 -3.95  7.11]
[ 8.37 26.65 -3.97  6.38]
[ 16.04 -35.87  -5.62  -7.35]
[ 16.76 -24.28  -5.71  -4.4 ]
[ 10.45 -21.71  -4.09  -3.62]
[ 11.21 -20.65  -4.11  -2.81]
[ 11.98 -19.59  -4.13  -2.01]
[ 12.75 -18.52  -4.14  -1.19]
[13.39  6.63 -4.15  4.18]
[ 21.1  -32.54  -5.77  -3.92]
[20.09  0.08 -5.52  6.17]
[18.97  7.02 -5.51  7.37]
[18.5   7.31 -5.5   7.43]
[18.12  6.32 -5.52  7.36]
[17.72  5.93 -5.53  7.4 ]
[17.29  5.58 -5.54  7.42]
[16.84  5.28 -5.55  7.42]
[15.73  5.6  -5.63  7.52]
[15.81  4.69 -5.58  7.39]
[15.29  4.62 -5.6   7.35]
[14.74  4.65 -5.62  7.3 ]
[14.16  4.82 -5.65  7.24]
[13.54  5.15 -5.67  7.17]
[12.89  5.7  -5.7   7.1 ]
[12.19  6.54 -5.73  7.03]
[11.45  9.06 -5.69  6.93]
[10.66 11.7  -5.71  6.87]
[ 9.79 15.1  -5.73  6.88]
[ 9.02 17.49 -5.71  6.61]
[ 8.32 16.6  -5.69  5.66]
[ 0.54 18.01 -4.13  4.89]
[-0.15 17.89 -4.09  4.13]
[-0.73 17.74 -3.64  3.38]
[-0.93 17.57 -3.62  2.63]
[-1.1  15.14 -3.6   1.89]
[-3.47 -7.78 -3.22 -3.47]
[ -3.81 -32.07  -2.93  -8.51]
[ -4.22 -31.41  -2.72 -10.65]
[ -3.9  -30.34  -2.77  -9.93]
[ -2.78 -30.24  -2.84  -6.46]
[ -2.49 -28.93  -2.89  -8.52]
[ -1.53 -27.89  -2.97  -4.99]
[ -0.42 -26.87  -3.47  -7.03]
[  0.76 -25.85  -3.55  -6.31]
[  1.33 -24.75  -3.6   -5.53]
[  1.57 -23.65  -3.64  -4.78]
[  1.73 -22.64  -3.67  -4.  ]
[  2.46 -21.69  -3.72  -3.23]
[  3.19 -20.73  -3.78  -2.47]
[  3.92 -19.78  -3.83  -1.7 ]
[ 5.52  5.47 -3.9   3.63]
[ 6.22 29.4  -3.88  8.53]
[ 6.95 28.26 -3.92  7.8 ]
[ 7.65 27.12 -3.95  7.07]
[ 8.33 25.97 -3.98  6.34]
[ 15.83 -11.36  -5.59  -1.22]
[ 16.39 -24.88  -5.66  -3.88]
[  9.96 -22.32  -4.06  -3.08]
[ 10.62 -21.25  -4.08  -2.28]
[ 11.27 -20.18  -4.1   -1.47]
[11.8   5.06 -4.11  4.12]
[ 19.39 -29.81  -5.72  -3.9 ]
[ 19.98 -20.62  -5.8   -1.27]
[ 20.46 -14.09  -5.79   0.32]
[12.46  2.75 -3.92  6.37]
[11.27  7.76 -3.99  7.54]
[10.97  7.93 -3.99  7.67]
[10.55  7.04 -4.01  7.48]
[10.12  6.65 -4.03  7.59]
[ 9.67  6.38 -4.05  7.6 ]
[ 9.2   6.12 -4.07  7.63]
[ 8.7   5.94 -4.09  7.64]
[ 8.17  5.84 -4.12  7.64]
[ 7.62  5.84 -4.15  7.62]
[ 7.04  5.95 -4.18  7.59]
[ 6.43  6.21 -4.21  7.55]
[ 5.79  6.65 -4.24  7.5 ]
[ 4.51  8.56 -4.32  7.69]
[ 4.23  9.   -4.24  7.35]
[ 3.47 11.4  -4.28  7.3 ]
[ 2.64 14.34 -4.31  7.28]
[ 1.73 18.03 -4.33  7.32]
[ 1.02 18.26 -4.3   6.6 ]
[ 0.31 17.86 -4.26  5.77]
[-0.39 17.73 -3.81  5.01]
[-0.83 17.57 -3.77  4.26]
[-2.98 17.25 -2.95  3.25]
[ 3.47 11.86 -4.59  1.63]
[ 3.03 15.16 -4.6   1.59]
[ 2.97 -9.29 -4.64 -3.66]
[ -4.1  -31.8   -2.84  -8.6 ]
[ -4.03 -30.98  -2.86  -7.91]
[ -3.75 -29.92  -2.91  -7.19]
[ -3.13 -28.9   -2.97  -6.49]
[ -2.36 -27.86  -3.03  -5.75]
[ -1.11 -27.23  -3.12  -5.03]
[ -0.4  -25.99  -3.59  -4.29]
[  0.64 -24.94  -3.67  -3.53]
[  1.17 -23.84  -3.71  -5.54]
[  1.29 -22.72  -3.73  -4.76]
[  1.25 -21.67  -3.75  -4.  ]
[  1.85 -20.7   -3.79  -3.23]
[  2.46 -19.71  -3.84  -2.46]
[  3.06 -18.73  -3.88  -1.69]
[ 3.55  6.62 -3.94  3.63]
[ 4.96 30.18 -3.92  8.53]
[ 5.56 29.06 -3.94  7.8 ]
[ 6.15 27.94 -3.96  7.07]
[ 6.7  26.81 -3.98  6.34]
[ 7.24 25.68 -3.99  5.61]
[ 7.76 24.54 -4.    4.88]
[ 15.11 -12.87  -5.62  -2.71]
[ 15.53 -26.33  -5.67  -5.37]
[  8.99 -23.76  -4.03  -4.59]
[  9.52 -22.69  -4.04  -3.77]
[ 10.06 -21.62  -4.04  -2.95]
[ 10.59 -20.54  -4.04  -2.12]
[ 11.11 -19.46  -4.04  -1.29]
[11.5   5.73 -4.03  4.22]
[ 18.94 -31.03  -5.65  -4.51]
[ 12.32 -18.34  -3.99  -1.22]
[ 18.8  -16.04  -5.73  -0.18]
[18.57  0.12 -5.55  6.46]
[17.11  4.89 -5.49  7.1 ]
[16.57  5.54 -5.48  7.41]
[16.02  6.26 -5.48  7.71]
[15.44  7.17 -5.48  7.96]
[14.84  8.17 -5.49  8.17]
[14.19  9.11 -5.5   8.28]
[13.51 10.83 -5.52  8.48]
[ 5.71 14.01 -4.04  8.59]
[ 4.95 16.12 -4.07  8.68]
[ 4.24 14.31 -4.12  7.92]
[ 3.49 15.47 -4.16  7.77]
[ 2.67 17.3  -4.19  7.67]
[ 1.87 18.82 -4.19  7.42]
[ 1.12 18.3  -4.15  6.52]
[ 0.49 18.05 -4.12  5.71]
[-0.13 17.95 -4.09  4.94]
[-0.66 17.82 -3.65  4.18]
[-0.84 16.73 -3.62  3.42]
[-2.88 17.45 -3.29  2.64]
[ 3.47 10.1  -4.65  0.66]
[-3.58 -7.74 -2.83 -3.63]
[ -3.76 -31.32  -2.76  -8.63]
[ -3.51 -30.3   -2.8   -7.89]
[ -2.87 -29.24  -2.86  -7.14]
[ -1.63 -29.09  -2.94  -6.39]
[ -1.21 -27.74  -3.41  -5.64]
[ -0.1  -26.72  -3.5   -4.91]
[  0.99 -25.68  -3.57  -4.16]
[  1.33 -24.56  -3.62  -6.15]
[  1.47 -23.48  -3.66  -5.37]
[  1.76 -22.48  -3.7   -4.59]
[  2.43 -21.53  -3.75  -3.82]
[  3.09 -20.57  -3.8   -3.05]
[  4.72 -19.62  -3.86  -2.31]
[  5.57 -18.57  -3.91  -1.55]
[ 6.29  6.78 -3.97  3.64]
[ 6.93 30.71 -3.94  8.55]
[ 6.77 29.57 -3.98  7.84]
[ 8.18 28.12 -4.    7.1 ]
