[-523.55  -50.99   -8.06   -2.88]
[-539.38  -48.22   -9.41   -3.57]
[ 1.83 -6.51  1.38 -1.63]
[-3.33 -4.34 -1.25 -0.75]
[ 1.62 -5.09  1.88 -1.55]
[-3.8  -2.85 -0.9  -0.65]
[ 1.38 -3.66  2.32 -1.44]
[-14.37   2.17  -0.67  -0.54]
[-1.49  2.48  2.59 -1.14]
[-5.89  3.19  0.31 -0.85]
[-7.3   2.97 -0.48 -0.74]
[-5.31  2.03  0.74 -0.84]
[-6.71  2.6  -0.18 -1.03]
[-2.56 -3.82  0.67 -1.62]
[-6.71  3.26  0.01 -1.56]
[-7.4   3.02 -0.33 -1.3 ]
[-5.12  2.3   0.99 -1.54]
[-8.27  3.13 -0.89 -1.5 ]
[-4.73  2.04  1.23 -1.58]
[-8.32  2.95 -0.87 -1.41]
[-3.59 -3.8   0.35 -1.47]
[-6.47  2.95  0.39 -1.45]
[-9.82  3.58 -1.61 -0.67]
[-6.3   2.58  0.35 -0.61]
[-8.72  3.23 -1.12 -0.19]
[-5.13  2.53  1.07 -0.19]
[-8.73  3.47 -1.35  0.03]
[-6.01  2.51  1.38  0.01]
[-8.32  3.82 -1.08  0.11]
[-5.69  2.48  1.6   0.09]
[-8.12  3.71 -0.66  0.2 ]
[-6.23  2.79  1.06  0.18]
[-8.8   3.86 -0.96  0.32]
[-5.89  2.74  1.01  0.26]
[-8.63  3.64 -0.69  0.42]
[-6.31  2.84  0.52  0.36]
[-7.43  3.15 -0.25  0.42]
[-6.66  2.85  0.07  0.46]
[-16.88   5.4    1.42   0.51]
[-9.4   3.49 -1.75  0.73]
[-57.48   6.03   7.24   0.61]
[-36.7    6.34   0.95   0.87]
[-56.03   5.98   3.49   0.9 ]
[-78.39   5.5    6.56   0.92]
[-102.32    4.98    9.82    0.95]
[-126.97    4.43   13.17    1.04]
[-152.89    3.8    16.68    1.15]
[-180.15    3.09   20.36    1.29]
[-172.15    2.33   19.      1.43]
[-210.95    0.31   27.51    1.21]
[-157.07   -0.27   19.64    1.22]
[-74.87  -0.36   7.71   1.12]
[-4.7  -3.46 -2.73  0.97]
[-1.67 -3.76 -1.16  0.72]
[-9.30e+01 -4.89e-02 -6.45e+00 -4.69e-01]
[-491.72  -42.7    -8.36   -2.22]
[-478.21  -55.79  -11.51   -2.34]
[-469.31  -59.91  -12.9    -2.53]
[-467.22  -59.39  -12.41   -2.75]
[-476.23  -59.38  -10.68   -3.45]
[-498.29  -52.74   -9.11   -3.71]
[-532.75  -48.82   -9.93   -3.95]
[-579.24  -42.87   -9.14   -4.22]
[-622.81  -42.47   -8.39   -4.45]
[-642.08  -28.14   -7.47   -4.72]
[-132.57   -1.14   20.25   -2.03]
[-32.12  -0.1    3.5   -1.71]
[-5.01 -2.69 -3.01 -1.38]
[-1.37 -3.71 -0.73 -1.67]
[ 1.47 -4.43  1.15 -1.88]
[-3.62 -3.08 -1.57 -1.15]
[ 1.55 -3.75  1.69 -1.86]
[-5.26  3.13 -0.57 -1.14]
[-1.26  1.49  1.94 -1.84]
[-5.34  2.11 -0.17 -1.68]
[-5.75  2.99 -0.26 -1.26]
[-5.65  2.65 -0.14 -0.93]
[-5.77  2.86 -0.18 -0.66]
[-5.72  2.95 -0.14 -0.39]
[-6.19  3.11 -0.41 -0.03]
[-5.42  3.87  0.21  0.33]
[-6.72  3.77  0.38  0.43]
[-7.86  4.14 -0.38  0.52]
[-6.17  3.59  0.44  0.5 ]
[-7.51  3.99 -0.43  0.61]
[-5.84  3.4   0.37  0.58]
[-6.86  3.66 -0.34  0.68]
[-5.65  3.18  0.19  0.67]
[-6.07  3.2  -0.19  0.74]
[-11.63   4.69   0.9    0.77]
[-8.27  3.53 -1.73  1.06]
[-42.38   5.93   5.33   0.88]
[-19.86   5.76  -0.37   1.23]
[-46.12   5.78   4.19   1.18]
[-25.06   5.05  -1.77   1.47]
[-77.16   3.87   7.81   1.28]
[-41.74   4.06   0.25   1.67]
[-8.63 -0.3  -4.87  1.68]
[-5.07 -1.42 -3.05  1.24]
[-600.15  -31.46   -9.08   -1.84]
[-571.9   -39.72  -12.05   -2.  ]
[-6.12 -5.04 -5.48  0.48]
[-14.1    2.73  -0.22   0.23]
[-65.22   3.46  -3.75   0.46]
[-1.82e+02 -1.54e-01 -9.41e+00 -8.35e-01]
[-217.61   -7.81  -10.7    -1.11]
[-259.16   -3.56   34.63   -1.06]
[-213.26   -3.03   28.17   -1.04]
[-164.13   -2.37   21.24   -1.02]
[-113.2    -1.71   14.05   -1.  ]
[-61.35  -1.05   6.68  -0.98]
[-4.59 -3.22 -3.96 -0.67]
[-1.27 -3.46 -1.98 -0.94]
[ 2.2  -4.75  0.09 -1.18]
[ 1.11 -4.52 -0.4  -0.75]
[-531.31  -15.35   -7.23   -3.51]
[ 1.64 -4.3   0.32 -1.59]
[-3.77 -1.53 -0.76 -1.03]
[ 2.63 -3.78  1.3  -1.57]
[-3.91  4.71 -0.83 -0.82]
[ 0.09  1.6   1.6  -1.52]
[-3.19  4.14 -0.24 -1.39]
[-1.79  1.57  0.57 -1.34]
[-7.36  2.87 -2.56 -0.04]
[-104.37    6.13   14.03    0.23]
[-185.52    6.75   23.46    0.33]
[-173.67    7.13   20.2     0.55]
[-181.21    6.79   21.13    0.63]
[-189.99    6.4    22.23    0.72]
[-200.47    5.96   23.57    0.81]
[-212.93    5.46   25.18    0.9 ]
[-278.89    3.58   37.6     0.72]
[-297.31    3.14   40.06    0.84]
[-317.32    2.61   42.74    0.98]
[-321.42    2.     43.13    1.14]
[-274.26    1.4    36.23    1.15]
[-223.9     0.81   28.87    1.16]
[-192.94   -0.78   24.67    1.  ]
[-96.59  -0.2   10.79   0.82]
[-40.84   0.51  -2.81   0.73]
[-291.19   -6.82   -7.71   -0.31]
[-477.68  -46.62   -8.34   -2.38]
[-467.88  -61.69  -12.9    -2.5 ]
[-468.94  -61.1   -12.41   -2.72]
[-471.76  -60.23  -10.66   -3.34]
[-489.39  -61.43  -10.57   -3.66]
[-521.36  -53.39   -9.94   -3.91]
[-566.19  -38.59   -7.98   -4.17]
[-611.    -44.98   -8.6    -4.42]
[-640.61  -30.18   -7.61   -4.69]
[-597.92  -27.76   -7.16   -4.7 ]
[-362.11  -10.71   -5.1    -3.04]
[-25.38  -0.82   5.26  -1.93]
[-1.42 -3.29 -0.72 -1.6 ]
[ 1.36 -4.01  1.14 -1.81]
[-3.76 -2.64 -1.6  -1.07]
[ 1.41 -3.33  1.66 -1.8 ]
[-5.41  3.5  -0.59 -1.07]
[-1.24  1.8   2.   -1.78]
[-5.33  2.41 -0.12 -1.62]
[-6.01  3.06 -0.37 -1.18]
[-5.36  2.8   0.06 -0.92]
[-6.49  3.14 -0.57 -0.56]
[-4.75  2.79  0.43 -0.4 ]
[-7.56  3.7  -1.2   0.06]
[-4.94  2.97  1.57  0.06]
[-7.59  4.46 -0.86  0.33]
[-4.99  3.34  1.28  0.36]
[-8.47  4.51 -0.8   0.59]
[-5.24  3.41  0.89  0.44]
[-8.11  4.34 -0.85  0.67]
[-5.06  3.28  0.72  0.53]
[-7.26  3.94 -0.64  0.73]
[-5.06  3.13  0.44  0.63]
[-6.29  3.43 -0.39  0.76]
[-30.13   6.41   3.94   0.72]
[-39.31   7.06   3.28   0.94]
[-31.89   7.42  -0.06   1.24]
[-35.66   6.52  -0.64   1.3 ]
[-73.36   5.4    6.07   1.19]
[-80.55   5.     6.37   1.37]
[-98.43   4.27   8.71   1.49]
[-84.17   3.5    6.43   1.57]
[-25.21   2.44  -2.41   1.58]
[-20.74   0.79  -1.26   1.41]
[-23.08  -0.33   0.71   1.32]
[-514.51  -48.69  -11.21   -1.31]
[-481.8   -62.78  -14.47   -1.69]
[-472.2   -55.93  -10.79   -2.45]
[-472.22  -58.3   -10.71   -2.93]
[-477.17  -61.15  -10.56   -3.44]
[-505.46  -58.33  -10.46   -3.74]
[-544.37  -48.17   -9.87   -3.98]
[-584.34  -40.11   -7.97   -4.25]
[-628.95  -40.4    -8.58   -4.49]
[-634.67  -28.09   -7.72   -4.76]
[-486.72  -20.82   -6.98   -4.94]
[-27.39   1.28   1.15  -2.25]
[-128.2    -0.26   17.93   -1.84]
[-12.86  -0.79  -1.23  -1.51]
[-0.7  -3.46 -0.18 -1.89]
[-0.11 -2.97  0.45 -1.94]
[-1.94 -2.85 -0.38 -1.75]
[-0.53 -3.22  0.69 -1.84]
[-3.61 -2.36 -0.85 -1.6 ]
[-1.22  2.33  2.25 -1.86]
[-5.81  3.97 -0.2  -1.47]
[-8.27  3.76 -1.75 -0.17]
[-22.55   6.75   2.66   0.15]
[-8.77  4.5  -2.18  0.29]
[-67.62   6.43   9.91   0.16]
[-49.52   7.58   4.59   0.32]
[-47.68   7.92   2.98   0.4 ]
[-62.51   7.69   5.06   0.38]
[-78.54   7.49   7.29   0.43]
[-139.59    5.92   19.13    0.34]
[-157.7     5.8    21.64    0.39]
[-148.12    6.53   18.14    0.6 ]
[-194.14    5.39   26.62    0.48]
[-213.7     5.18   29.3     0.52]
[-233.66    4.94   32.03    0.57]
[-254.27    4.66   34.84    0.63]
[-285.13    3.52   39.51    0.63]
[-306.72    3.12   42.44    0.7 ]
[-329.17    2.68   45.49    0.78]
[-352.35    2.17   48.63    0.88]
[-375.92    1.57   51.8     1.01]
[-384.54    0.91   52.84    1.16]
[-3.44e+02  3.15e-01  4.69e+01  1.16e+00]
[-3.00e+02 -2.77e-01  4.04e+01  1.18e+00]
[-227.32   -0.36   29.86    1.07]
[-140.82    0.21   17.38    0.93]
[-107.93    0.4    12.52    1.05]
[-93.18  -0.18  10.23   1.23]
[-22.82  -0.3   -2.82   1.17]
[-257.23   -5.59   -6.91   -0.39]
[-377.88  -19.6    -8.36   -2.25]
[-471.06  -43.01   -8.43   -2.23]
[-561.05  -29.33  -13.09   -2.36]
[-589.03  -30.74  -12.71   -2.59]
[-595.97  -30.73  -12.26   -2.82]
[-579.12  -29.85  -11.76   -3.06]
[-541.18  -26.87  -11.2    -3.3 ]
[-465.8   -53.07   -9.34   -3.56]
[-484.28  -59.55  -10.03   -3.8 ]
[-85.91  -0.84  11.37  -1.4 ]
[-7.2  -2.34 -2.48 -1.03]
[ 0.36 -4.52 -0.94 -1.31]
[ 2.13 -4.93  0.25 -1.36]
[ 0.63 -4.52 -0.45 -0.97]
[ 1.99 -4.82  0.52 -1.04]
[-0.05 -3.51 -0.38 -0.91]
[ 1.71 -4.26  0.8  -1.08]
[-3.6   2.52 -0.56 -0.67]
[-1.04  1.34  1.08 -1.26]
[-4.98  1.94 -0.95 -1.16]
[-0.03 -0.55  1.42 -1.39]
[-0.78  2.02  1.62 -1.21]
[-37.75   5.85   7.75  -1.37]
[-5.    2.65 -0.2  -1.06]
[-5.58  0.58 -0.39 -0.62]
[-4.85  0.31  0.11 -0.44]
[-5.84  0.63 -0.41 -0.26]
[-4.89  0.4   0.15 -0.1 ]
[-39.59   5.76   5.33  -0.05]
[-53.18   7.27   4.2    0.22]
[-99.18   5.76   9.98   0.31]
[-143.14    5.45   15.89    0.37]
[-177.19    5.1    20.54    0.42]
[-209.28    4.72   24.93    0.53]
[-242.55    4.26   29.5     0.65]
[-276.71    3.71   34.19    0.79]
[-310.44    3.03   38.81    0.98]
[-301.52    2.29   37.34    1.14]
[-248.98    1.59   29.66    1.16]
[-194.15    0.89   21.65    1.18]
[-137.18    0.21   13.34    1.21]
[-149.84   -1.79   18.16    0.84]
[-63.1   -1.19   5.61   0.65]
[-13.25  -2.92  -1.41   0.38]
[-6.78 -4.13 -0.34  0.15]
[-1.03 -5.25 -0.54  0.08]
[-16.25  -1.06  -0.24   0.05]
[-81.23  -0.71  -6.28  -1.01]
[-509.67  -42.53   -8.12   -2.76]
[-93.44  -3.82  -4.16  -0.27]
[-15.62  -2.16  -3.38  -0.51]
[-88.82  -1.8    9.63  -0.74]
[-6.23 -4.49 -4.74 -0.44]
[-3.17 -4.74 -2.97 -0.7 ]
[-0.03 -4.93 -1.08 -0.96]
[-613.99  -34.93   -7.55   -3.81]
[-0.87 -3.88 -1.25 -1.33]
[ 0.64 -4.22 -0.16 -1.6 ]
[ 0.67 -4.2   0.06 -1.39]
[ 0.07 -4.03 -0.06 -1.19]
[-0.19 -3.27  0.07 -1.14]
[-0.08 -3.48  0.35 -1.21]
[-1.56 -3.03 -0.26 -1.07]
[ 0.83 -3.56  1.38 -1.58]
[-6.37  3.71 -1.05 -0.79]
[-1.29  1.77  2.05 -1.59]
[-5.48  3.19 -0.12 -1.38]
[-5.49  2.94 -0.02 -1.19]
[-5.23  2.86  0.22 -1.15]
[-5.88  3.   -0.09 -1.09]
[-7.63  3.54 -1.   -0.37]
[-4.03  2.72  1.02 -0.31]
[-9.51  4.89 -2.18  0.36]
[-3.59  4.53  0.76  0.38]
[-8.52  4.39 -1.06  0.37]
[-145.15    6.     19.46    0.31]
[-127.7     8.46   14.36    0.59]
[-144.      8.16   16.19    0.69]
[-150.32    7.79   16.91    0.75]
[-157.68    7.39   17.78    0.81]
[-166.32    6.95   18.83    0.88]
[-176.5     6.46   20.1     0.96]
[-188.51    5.92   21.62    1.04]
[-202.64    5.3    23.44    1.14]
[-219.39    4.61   25.63    1.24]
[-289.83    2.63   38.66    1.04]
[-282.44    2.01   37.42    1.19]
[-264.18    0.38   35.02    1.1 ]
[-2.13e+02 -2.12e-01  2.76e+01  1.11e+00]
[-139.97   -0.42   16.97    1.03]
[-44.29   0.1    3.06   0.86]
[-1.73e+02 -6.13e-01 -8.91e+00 -1.49e-01]
[-359.84  -10.79   -7.23   -0.47]
[-451.66  -24.17   -8.66   -2.29]
[-463.94  -60.46  -12.96   -2.43]
[-460.66  -60.49  -12.55   -2.67]
[-460.07  -58.51  -10.82   -3.33]
[-472.15  -54.85   -9.35   -3.58]
[-495.7   -59.31  -10.26   -3.82]
[-533.39  -48.89   -9.47   -4.08]
[-581.01  -43.75   -8.66   -4.35]
[-626.56  -40.44   -7.82   -4.57]
[-73.8   -1.37  11.57  -1.89]
[-1.37 -3.93 -1.4  -1.57]
[ 2.06 -4.81  0.8  -1.83]
[-2.03 -3.73 -1.34 -1.17]
[ 1.76 -4.    1.17 -1.77]
[-3.41 -2.92 -1.61 -1.06]
[-0.97  1.82  1.52 -1.71]
[-4.78  2.35 -0.41 -1.65]
[-3.06  1.31  0.83 -1.74]
[-8.01  2.69 -1.86 -1.02]
[-4.83  1.8   0.03 -0.88]
[-5.91  2.21 -0.55 -0.52]
[-4.45  1.93  0.28 -0.3 ]
[-6.76  2.95 -1.05  0.16]
[-4.47  2.48  1.65  0.21]
[-8.66  4.1  -0.81  0.56]
[-5.83  3.32  0.66  0.59]
[-4.03  2.64 -0.51  0.67]
[-6.74  2.34 -2.54  0.62]
[-6.08  2.77 -2.14  0.54]
[-91.73   6.67  10.8    0.47]
[-111.33    9.17   11.85    0.69]
[-134.32    7.19   14.19    0.8 ]
[-166.04    6.65   18.54    0.83]
[-173.29    6.15   19.4     0.93]
[-183.24    5.59   20.62    1.05]
[-195.52    4.94   22.17    1.18]
[-210.66    4.2    24.11    1.32]
[-257.74    2.15   33.79    1.18]
[-205.49    1.56   26.16    1.19]
[-151.05    0.98   18.21    1.2 ]
[-118.08   -0.67   13.72    1.04]
[-135.42   -0.52   -8.92   -0.21]
[-299.19   -8.01   -7.18   -0.58]
[-382.64  -19.71   -8.6    -2.4 ]
[-468.13  -44.26   -8.45   -2.41]
[-462.21  -59.67  -12.78   -2.55]
[-461.61  -59.99  -12.45   -2.76]
[-461.02  -59.6   -11.96   -2.99]
[-467.73  -54.45  -10.23   -3.25]
[-475.69  -60.13  -10.99   -3.48]
[-498.05  -58.11  -10.3    -3.73]
[-533.72  -48.11   -9.61   -3.99]
[-580.58  -43.41   -8.87   -4.21]
[-106.39   -1.43   16.04   -1.68]
[-644.75  -31.17   -9.38   -4.03]
[ 2.17 -4.86  0.54 -1.62]
[-0.67 -4.1  -0.92 -1.04]
[ 1.93 -4.04  0.87 -1.43]
[-1.99 -3.27 -1.19 -0.91]
[ 1.71 -4.13  1.17 -1.55]
[-5.12  3.01 -1.12 -0.75]
[-0.87  1.35  1.47 -1.47]
[-4.86  1.97 -0.6  -1.33]
[-2.2   0.71  1.09 -1.48]
[-8.69  2.71 -2.54 -0.47]
[-5.25  1.87 -0.64 -0.38]
[-3.46  1.48  0.37 -0.18]
[-6.41  2.93 -1.34  0.37]
[-2.45  4.32  1.17  0.49]
[-8.64  4.3  -3.29  0.79]
[-117.12    7.06   15.31    0.26]
[-100.94    9.11   10.05    0.56]
[-125.1     6.94   13.04    0.66]
[-133.43    6.55   14.05    0.74]
[-143.1     6.12   15.25    0.82]
[-154.51    5.63   16.7     0.91]
[-168.18    5.08   18.46    1.01]
[-184.74    4.44   20.63    1.12]
[-205.05    3.71   23.31    1.25]
[-260.32    1.72   34.17    1.16]
[-207.68    1.13   26.49    1.17]
[-153.3     0.55   18.55    1.18]
[-91.76  -0.19  -8.85   0.12]
[-3.55e+02 -7.75e+00 -6.48e+00 -2.10e-01]
[-448.08  -20.06   -8.62   -2.28]
[-463.21  -45.11   -8.43   -2.47]
[-460.13  -57.15  -11.06   -2.61]
[-459.76  -62.11  -12.4    -2.8 ]
[-459.27  -61.44  -11.95   -3.03]
[-464.01  -60.78  -10.71   -3.54]
[-482.14  -56.34   -9.08   -3.79]
[-520.29  -53.61   -9.87   -4.02]
[-568.84  -44.66   -9.08   -4.27]
[-616.51  -44.07   -8.29   -4.54]
[-641.59  -28.54   -7.36   -4.79]
[-42.83  -0.92   7.44  -2.1 ]
[-0.99 -3.54 -1.05 -1.73]
[ 2.4  -4.43  1.18 -2.  ]
[-2.35 -3.14 -1.33 -1.27]
[ 2.14 -3.64  1.6  -1.96]
[-2.86 -2.59 -1.1  -1.23]
[-0.49  2.14  2.   -1.87]
[-4.42  2.69 -0.03 -1.71]
[-2.85 -3.6  -0.4  -1.76]
[-3.29  2.55  1.08 -1.61]
[-7.91  3.96 -1.51 -1.14]
[-4.46  2.95  0.52 -1.04]
[-7.55  3.94 -1.22 -0.56]
[-3.71  3.09  0.98 -0.57]
[-8.77  4.71 -2.1   0.32]
[-5.82  3.65  0.8   0.37]
[-8.29  4.41 -0.73  0.45]
[-5.47  3.52  0.75  0.43]
[-7.97  4.3  -0.77  0.61]
[-20.     6.45   2.95   0.49]
[-8.07  4.16 -1.09  0.7 ]
[-57.59   6.64   8.42   0.57]
[-41.9    7.43   3.9    0.8 ]
[-22.05   7.22  -1.27   1.06]
[-75.23   6.6    8.91   0.77]
[-54.67   7.22   3.68   1.06]
[-57.26   7.05   3.23   1.18]
[-71.8    6.54   5.16   1.22]
[-104.77    4.9    10.11    1.09]
[-123.71    4.3    12.64    1.19]
[-198.93    2.41   26.37    1.13]
[-219.99    1.8    29.17    1.32]
[-180.02    1.17   23.28    1.41]
[-121.92    0.61   14.78    1.41]
[-6.39e+01  3.73e-02  6.26e+00  1.43e+00]
[-6.32 -3.38 -2.41  1.44]
[-6.76 -1.16 -0.62  0.8 ]
[-491.04  -44.09   -8.37   -1.89]
[-469.39  -56.33  -12.19   -1.98]
[-467.57  -56.05  -10.7    -2.68]
[-469.6   -58.84  -10.6    -3.17]
[-477.44  -61.45  -10.52   -3.61]
[-511.1   -56.32  -10.09   -3.85]
[-554.26  -39.7    -8.21   -4.12]
[-597.65  -45.35   -8.83   -4.36]
[-639.36  -34.53   -7.94   -4.63]
[-621.44  -28.02   -7.11   -4.84]
[-420.21  -15.1    -6.87   -4.77]
[-1.62e+02 -1.62e-01  2.52e+01 -2.12e+00]
[-88.53   0.48  12.43  -1.76]
[-19.68   0.42  -0.17  -1.38]
[-3.72 -3.58 -2.13 -1.37]
[ 0.1  -3.94  0.38 -1.79]
[-1.7  -2.8  -0.41 -1.57]
[ 0.17 -3.33  0.86 -1.72]
[-5.5   3.53 -0.7  -1.27]
[-1.01  1.7   2.1  -2.  ]
[-6.62  3.07 -0.96 -1.22]
[-3.31  2.29  1.02 -1.13]
[-8.57  3.76 -1.94 -0.51]
[-4.69  2.79  0.26 -0.52]
[-6.59  3.29 -0.81 -0.15]
[-3.71  2.77  0.96 -0.11]
[-6.22 -1.19 -2.01  0.12]
[-3.14  2.87  1.03  0.09]
[-6.46  3.6  -1.17  0.24]
[-4.7   2.73  1.96  0.16]
[-7.01  3.63 -0.42  0.3 ]
[-24.19   6.32   3.49   0.25]
[-10.64   4.58  -0.86   0.41]
[-57.24   6.45   8.18   0.32]
[-44.51   7.33   4.1    0.5 ]
[-37.43   7.82   1.32   0.64]
[-53.55   7.58   3.57   0.6 ]
[-71.18   7.31   6.03   0.63]
[-135.81    5.72   18.4     0.51]
[-155.04    5.55   21.04    0.59]
[-174.23    5.34   23.66    0.64]
[-193.96    5.09   26.35    0.69]
[-225.69    3.96   31.15    0.69]
[-246.57    3.61   33.99    0.75]
[-268.12    3.21   36.92    0.82]
[-290.7     2.76   39.99    0.91]
[-314.29    2.24   43.18    1.02]
[-338.54    1.63   46.45    1.16]
[-324.8     1.     44.3     1.28]
[-276.95    0.42   37.28    1.29]
[-2.26e+02 -1.65e-01  2.99e+01  1.30e+00]
[-157.93   -0.45   19.93    1.25]
[-58.38   0.08   5.5    1.06]
[-12.16  -0.88  -1.46   1.12]
[-0.52 -3.55 -1.03  0.8 ]
[-502.02  -41.82   -8.27   -1.96]
[-479.62  -56.11  -11.88   -2.06]
[-469.94  -59.69  -13.29   -2.22]
[-463.65  -56.42  -10.63   -2.97]
[-472.09  -52.83   -9.75   -3.21]
[-483.8   -58.8   -10.5    -3.57]
[-515.17  -53.2   -10.21   -3.82]
[-556.45  -43.45   -9.55   -4.08]
[-601.7   -43.68   -8.8    -4.35]
[-641.55  -33.12   -8.05   -4.58]
[-214.22   -1.     32.07   -1.99]
[-498.54  -20.05   -8.79   -4.34]
[-102.16   -0.78   16.47   -1.93]
[-0.86 -3.21 -0.55 -1.61]
[ 1.56 -3.86  0.75 -1.76]
[-2.28 -2.85 -1.25 -1.11]
[ 2.47 -3.42  1.8  -1.82]
[-2.54 -2.38 -0.89 -1.08]
[ 2.54 -3.69  2.29 -1.84]
[-4.73  3.63 -0.17 -1.  ]
[-2.52  2.44  1.25 -1.54]
[-6.41  3.12 -0.83 -1.45]
[-3.01  2.1   1.22 -1.51]
[-8.73  3.83 -1.99 -0.48]
[-5.08  2.96  0.08 -0.44]
[-6.35  3.32 -0.66 -0.06]
[-4.35  2.99  0.85  0.01]
[-6.87  2.54 -1.5   0.2 ]
[-4.25  2.74  1.8   0.06]
[-6.41  4.05 -0.46  0.22]
[-5.03  3.32  0.93  0.28]
[-8.18  4.42 -0.95  0.49]
[-4.42  3.11  1.05  0.32]
[-7.68  4.22 -0.89  0.58]
[-26.16   6.51   4.08   0.4 ]
[-14.85   6.1    0.1    0.67]
[-37.22   7.38   3.36   0.66]
[-27.08   7.78  -0.35   0.93]
[-67.77   7.28   6.58   0.8 ]
[-73.1    7.49   5.98   0.98]
[-100.73    7.04    9.79    1.01]
[-146.16    5.56   16.53    0.86]
[-177.53    5.05   20.85    0.92]
[-246.17    3.4    33.71    0.85]
[-266.92    2.95   36.51    0.96]
[-288.22    2.43   39.37    1.09]
[-310.97    1.8    42.41    1.23]
[-283.49    1.17   38.3     1.32]
[-231.69    0.59   30.72    1.33]
[-1.78e+02  1.01e-02  2.29e+01  1.34e+00]
[-122.46   -0.57   14.75    1.36]
[-22.52  -0.21   0.1    1.18]
[-516.79  -47.04  -10.71   -1.58]
[-514.09  -52.67  -10.52   -2.66]
[-322.44   -1.9    43.55   -0.48]
[-338.8    -2.5    46.06   -0.72]
[-329.61   -3.56   44.94   -1.03]
[-288.64   -2.99   39.18   -1.02]
[-244.15   -2.33   32.91   -1.  ]
[-196.94   -1.67   26.25   -0.98]
[-147.55   -1.01   19.28   -0.95]
[-96.65  -0.35  12.08  -0.93]
[-45.33   0.31   4.74  -0.91]
[-19.05  -0.37   0.92  -0.85]
[-1.17 -3.7  -1.65 -0.82]
[ 2.68 -4.64  0.66 -1.11]
[-0.68 -3.81 -1.11 -0.5 ]
[ 3.06 -4.63  1.16 -1.03]
[-1.94 -3.35 -1.54 -0.36]
[-0.    3.78  1.35 -0.96]
[-5.66  2.57 -1.98 -0.6 ]
[ 0.16  1.37  1.16 -1.22]
[-6.04  3.42 -1.97 -0.72]
[-2.21  0.56  0.25 -0.71]
[-5.04  2.98 -1.38 -0.04]
[-3.21  2.37 -0.46 -0.24]
[-9.72  4.3   0.55 -0.17]
[-5.71  3.4  -1.91  0.1 ]
[-89.59   5.07  14.17  -0.1 ]
[-44.46   3.13   2.46   0.3 ]
[-72.46   5.75   6.09   0.47]
[-98.71   5.51   9.43   0.64]
[-117.73    5.13   12.      0.78]
[-190.18    3.39   25.39    0.57]
[-216.7     3.08   29.03    0.68]
[-245.26    2.69   32.95    0.8 ]
[-276.3     2.21   37.21    0.94]
[-310.43    1.61   41.88    1.09]
[-284.92    0.99   38.06    1.14]
[-234.      0.41   30.62    1.14]
[-1.81e+02 -1.59e-01  2.29e+01  1.16e+00]
[-112.23   -0.44   12.91    1.1 ]
[-17.39  -0.85  -1.02   0.9 ]
[-499.06  -51.5   -10.05   -2.03]
[-488.91  -57.82  -10.48   -2.7 ]
[-499.34  -58.35  -10.39   -3.17]
[-520.51  -54.02  -10.31   -3.59]
[-555.84  -46.98  -10.16   -3.83]
[-594.72  -40.89   -8.3    -4.08]
[-631.33  -40.52   -8.98   -4.31]
[-636.98  -28.65   -8.22   -4.57]
[-510.76  -23.23   -7.42   -4.83]
[-24.04   0.35   1.26  -2.39]
[-8.95 -0.22  0.74 -1.99]
[-3.42 -3.41 -1.68 -1.78]
[ 0.06 -3.72  0.63 -2.13]
[-2.55 -2.37 -0.6  -1.82]
[-0.13 -3.05  1.02 -2.05]
[-4.3  -1.91 -1.16 -1.67]
[-0.15 -3.03  1.46 -2.01]
[-5.96  3.89 -0.21 -1.63]
[-2.65 -2.1   0.39 -2.07]
[-8.72  4.14 -1.75 -0.13]
[-6.43e+01  6.49e+00  9.60e+00 -2.17e-02]
[-87.27   4.98   9.85   0.12]
[-105.08    7.41   12.19    0.11]
[-123.02    7.52   14.58    0.13]
[-1.66e+02  6.01e+00  2.36e+01  6.63e-02]
[-1.84e+02  5.94e+00  2.61e+01  9.54e-02]
[-2.03e+02  5.86e+00  2.88e+01  1.24e-01]
[-2.23e+02  5.77e+00  3.15e+01  1.54e-01]
[-221.16    6.89   28.57    0.36]
[-2.61e+02  5.44e+00  3.69e+01  2.14e-01]
[-2.82e+02  5.29e+00  3.98e+01  2.49e-01]
[-3.03e+02  5.10e+00  4.27e+01  2.84e-01]
[-3.24e+02  4.90e+00  4.56e+01  3.20e-01]
[-345.86    4.66   48.57    0.36]
[-367.42    4.39   51.54    0.4 ]
[-388.97    4.09   54.49    0.45]
[-410.28    3.74   57.41    0.51]
[-429.7     2.77   60.46    0.52]
[-449.25    2.3    63.12    0.6 ]
[-467.43    1.76   65.58    0.71]
[-483.31    1.14   67.68    0.84]
[-479.33    0.49   66.95    0.95]
[-4.57e+02 -1.17e-01  6.37e+01  9.58e-01]
[-424.62   -0.53   58.83    0.92]
[-3.61e+02  1.61e-02  4.96e+01  7.26e-01]
[-319.49    0.49   43.57    0.74]
[-3.16e+02  7.95e-02  4.30e+01  9.68e-01]
[-277.87   -0.51   37.31    1.01]
[-1.85e+02 -4.54e-02  2.40e+01  8.27e-01]
[-125.1     0.38   15.25    0.8 ]
[-110.41    0.11   12.99    0.99]
[-68.29  -0.4    6.78   1.05]
[-5.12 -3.85 -2.65  0.89]
[-147.16   -1.48   -6.89   -0.57]
[-268.88  -12.13   -6.47   -0.79]
[-370.67  -17.67   -6.36   -0.8 ]
[-469.01  -42.68   -8.24   -2.36]
[-463.58  -59.54  -12.8    -2.55]
[-462.17  -59.21  -12.24   -2.78]
[-465.23  -59.04  -11.71   -3.02]
[-471.88  -59.48  -11.08   -3.26]
[-481.01  -59.62  -10.38   -3.52]
[-515.27  -46.92   -8.31   -3.79]
[-557.41  -40.87   -8.81   -4.05]
[-600.96  -44.16   -8.42   -4.27]
[ 1.72 -4.49  0.37 -1.76]
[-0.54 -3.87 -0.75 -1.23]
[ 1.56 -4.33  0.75 -1.57]
[-2.26 -3.26 -1.24 -1.05]
[-1.2   2.52  1.15 -1.52]
[-4.52  2.92 -0.55 -1.59]
[-2.15  1.73  1.06 -1.72]
[-7.84  2.68 -2.04 -0.96]
[-3.53  0.86  0.59 -1.2 ]
[-6.29  2.37 -0.84 -0.97]
[-2.62 -0.53  0.34 -0.63]
[-1.92  2.8   1.73 -1.1 ]
[-7.04  5.26 -0.92 -0.62]
[-4.47  2.22  0.57 -0.36]
[-7.23  3.04 -1.1  -0.04]
[-4.12  1.88  1.5  -0.04]
[-6.98  2.4  -1.37  0.19]
[-6.61e+01  7.08e+00  1.12e+01  3.59e-02]
[-37.4    6.45   1.81   0.37]
[-65.     7.45   5.15   0.51]
[-83.74   7.17   7.52   0.63]
[-96.75   6.82   9.2    0.72]
[-111.25    6.42   11.09    0.83]
[-127.14    5.95   13.17    0.94]
[-144.95    5.41   15.52    1.06]
[-165.1     4.78   18.19    1.19]
[-188.14    4.05   21.25    1.33]
[-267.49    1.98   35.54    1.08]
[-257.02    1.35   33.86    1.17]
[-204.12    0.76   26.14    1.18]
[-149.68    0.17   18.19    1.19]
[-116.4    -1.26   13.66    1.03]
[-22.1   -1.01  -0.16   0.85]
[-211.6    -3.04   -8.38   -0.39]
[-354.47  -15.82   -7.73   -0.61]
[-474.73  -44.46   -8.28   -2.43]
[-470.47  -60.95  -12.79   -2.57]
[-466.8   -60.59  -12.36   -2.79]
[-472.61  -59.94  -10.63   -3.42]
[-494.59  -60.58  -10.53   -3.72]
[-530.52  -51.05   -9.9    -3.97]
[-578.67  -44.33   -9.2    -4.23]
[-624.47  -37.65   -7.56   -4.43]
[-642.97  -27.91   -7.78   -4.69]
[-554.64  -25.27   -7.08   -4.78]
[-227.67   -3.09   -5.     -3.12]
[ 1.82 -4.19  1.28 -2.01]
[-3.02 -2.9  -1.27 -1.28]
[ 1.55 -4.05  1.69 -2.02]
[-3.95 -2.57 -1.25 -1.18]
[-1.19  2.69  2.14 -1.81]
[-4.55  3.08  0.4  -1.84]
[-6.35  3.59 -0.46 -1.68]
[-6.45  3.74 -0.46 -1.  ]
[-8.    4.16 -1.48  0.22]
[-5.17  3.12  1.36  0.29]
[-9.06  4.42 -0.94  0.54]
[-5.05  3.05  1.19  0.36]
[-8.66  4.22 -0.95  0.64]
[-5.    2.94  0.96  0.45]
[-8.28  3.95 -1.    0.74]
[-19.02   5.77   2.97   0.54]
[-20.56   6.39   1.06   0.75]
[-24.13   7.01  -0.52   0.97]
[-52.62   6.63   4.83   0.86]
[-27.56   6.78  -1.29   1.23]
[-74.08   5.72   7.61   1.01]
[-48.27   6.13   1.36   1.41]
[-73.11   4.48   4.94   1.36]
[-86.69   3.68   6.67   1.49]
[-36.38   2.87  -0.88   1.52]
[-24.69   1.2   -1.02   1.35]
[-27.02  -0.03   0.95   1.27]
[-217.03   -1.33  -10.29    0.49]
[-472.01  -49.88   -9.96   -1.74]
[-463.21  -62.24  -14.12   -1.93]
[-453.85  -66.5   -13.77   -2.14]
[-453.65  -61.65  -10.94   -3.03]
[-453.2   -56.32  -10.01   -3.26]
[-465.76  -61.25  -10.74   -3.72]
[-481.05  -61.79  -10.11   -3.96]
[-526.98  -51.91   -9.45   -4.22]
[-581.67  -44.88   -8.72   -4.48]
[-628.82  -40.08   -7.89   -4.75]
[-175.09   -1.4    26.19   -2.11]
[-73.75   0.27   9.55  -1.79]
[-4.56 -2.81 -3.04 -1.43]
[-1.06 -3.79 -0.83 -1.72]
[ 2.04 -4.59  1.22 -1.96]
[-2.84 -3.29 -1.37 -1.23]
[ 1.88 -4.47  1.64 -1.97]
[-3.66 -2.98 -1.35 -1.13]
[-0.81  2.28  2.04 -1.76]
[-4.21  2.67  0.29 -1.8 ]
[-5.56  2.76 -0.28 -1.68]
[-6.24  3.11 -0.62 -1.  ]
[-4.11  2.68  0.65 -0.89]
[-9.34  4.28 -2.42  0.24]
[-6.95  3.52  0.23  0.37]
[-7.44  3.67 -0.16  0.41]
[-6.64  3.41  0.18  0.44]
[-6.99  3.49 -0.13  0.49]
[-6.4   3.26  0.08  0.53]
[-6.47  3.22 -0.09  0.58]
[-6.11  3.01 -0.01  0.62]
[-5.99  2.86 -0.07  0.67]
[-14.11   4.95   1.17   0.72]
[-8.54  3.3  -1.79  0.95]
[-39.99   5.79   4.73   0.84]
[-18.27   5.26  -0.65   1.1 ]
[-54.93   5.38   5.98   1.01]
[-24.27   4.87  -1.87   1.31]
[-73.92   3.9    7.16   1.21]
[-58.27   4.03   2.7    1.53]
[-37.34   3.21  -0.61   1.58]
[-8.81 -1.07 -3.73  1.44]
[-2.95 -2.33 -1.87  0.83]
[-588.51  -29.1    -8.17   -2.07]
[-564.81  -44.69  -13.21   -2.21]
[-549.74  -46.79  -12.75   -2.43]
[-537.57  -48.49  -12.25   -2.65]
[-536.63  -43.51  -10.55   -2.9 ]
[-548.29  -45.73  -11.35   -3.12]
[-562.79  -42.97  -10.73   -3.38]
[-584.28  -42.89  -10.09   -3.64]
[-611.78  -43.41   -9.43   -3.86]
[-642.84  -33.22   -8.61   -4.13]
[-82.32  -1.46  12.89  -1.59]
[-579.06  -26.19   -9.25   -3.94]
[ 2.69 -4.89  0.74 -1.52]
[-1.08 -3.92 -1.24 -0.88]
[ 2.48 -4.7   1.02 -1.5 ]
[-2.93 -3.29 -1.91 -0.7 ]
[-0.21  2.07  1.3  -1.31]
[-4.29  2.61 -0.9  -1.09]
[-0.26  1.03  1.58 -1.55]
[-4.8   1.76 -0.83 -1.21]
[-2.19  1.42  0.73 -1.  ]
[-7.04  2.51 -2.   -0.26]
[-3.56  1.63 -0.07 -0.17]
[-3.46  1.97 -0.56  0.21]
[-68.53   7.09   8.93   0.09]
[-44.74   9.06   2.42   0.39]
[-68.15   7.47   5.33   0.49]
[-75.73   7.21   6.28   0.55]
[-84.18   6.92   7.35   0.62]
[-93.77   6.58   8.59   0.69]
[-104.78    6.21   10.02    0.77]
[-117.5     5.79   11.68    0.86]
[-188.16    3.96   24.8     0.67]
[-207.26    3.61   27.38    0.77]
[-228.06    3.21   30.18    0.88]
[-250.5     2.7    33.21    1.02]
[-268.49    2.09   35.57    1.2 ]
[-219.13    1.49   28.35    1.22]
[-164.13    0.91   20.32    1.23]
[-131.92   -0.71   15.94    1.07]
[-34.    -0.16   1.67   0.89]
[-170.39   -0.91   -8.9    -0.27]
[-336.24   -9.65   -7.34   -0.5 ]
[-474.22  -44.56   -8.77   -2.33]
[-463.8   -55.12  -11.4    -2.45]
[-467.49  -56.47  -10.71   -3.01]
[-475.31  -60.31  -10.56   -3.56]
[-496.46  -58.51  -10.35   -3.8 ]
[-536.43  -47.7    -9.73   -4.05]
[-584.1   -38.37   -7.78   -4.33]
[-630.95  -38.33   -8.37   -4.58]
[-635.48  -26.92   -7.45   -4.85]
[-462.23  -18.52   -6.93   -4.89]
[-21.93   1.2    3.49  -2.18]
[-55.56  -0.25   7.47  -1.8 ]
[-4.81 -3.14 -2.48 -1.48]
[-1.21 -3.47 -0.12 -1.86]
[-0.83 -2.91  0.38 -1.89]
[-2.4  -2.67 -0.32 -1.71]
[-1.17 -2.97  0.62 -1.79]
[-5.24  3.48 -0.02 -1.58]
[-5.15  2.83  0.17 -1.52]
[-4.76 -1.91 -0.96 -1.39]
[-5.37  2.65  0.02 -0.25]
[-6.21  3.12 -0.48  0.07]
[-4.87  2.67  0.99  0.06]
[-7.77  3.82 -1.48  0.19]
[-4.97  2.39  1.47  0.1 ]
[-7.88  3.72 -0.88  0.25]
[-4.96  2.45  1.31  0.17]
[-7.88  3.65 -0.84  0.34]
[-11.4    4.33   1.98   0.25]
[-8.09  3.49 -0.8   0.43]
[-43.3    6.14   6.31   0.33]
[-29.75   6.87   2.15   0.54]
[-15.69   5.48  -2.03   0.75]
[-70.36   6.35   8.3    0.52]
[-56.15   7.04   4.13   0.76]
[-63.37   6.98   4.39   0.84]
[-82.16   6.59   6.97   0.84]
[-117.63    5.22   12.3     0.79]
[-188.39    3.6    25.48    0.69]
[-210.04    3.25   28.42    0.79]
[-232.63    2.82   31.49    0.88]
[-256.5     2.32   34.72    0.98]
[-281.5     1.75   38.1     1.12]
[-289.      1.09   38.97    1.27]
[-238.86    0.5    31.62    1.27]
[-1.86e+02 -8.21e-02  2.39e+01  1.29e+00]
[-123.5    -0.53   14.78    1.27]
[-22.39  -0.25  -0.04   1.08]
[-4.49 -3.09 -2.63  1.02]
[-1.15e+02 -4.63e-02 -7.12e+00 -2.97e-01]
[-482.88  -43.56   -8.35   -2.07]
[-470.54  -60.4   -13.56   -2.17]
[-462.62  -59.52  -13.15   -2.38]
[-465.69  -57.98  -10.7    -3.25]
[-475.75  -61.04  -10.62   -3.68]
[-511.28  -50.15   -8.76   -3.95]
[-555.07  -44.56   -9.42   -4.19]
[-602.34  -44.41   -8.6    -4.46]
[-642.87  -32.49   -7.85   -4.68]
[-617.1   -28.31   -7.22   -4.78]
[-136.89   -1.14   21.06   -2.08]
[-35.73  -0.08   4.22  -1.75]
[-5.1  -2.62 -2.82 -1.43]
[-1.44 -3.66 -0.53 -1.72]
[ 0.63 -3.51  0.98 -1.92]
[-4.06 -2.62 -1.53 -1.3 ]
[-0.89  1.89  2.03 -2.01]
[-5.93  2.71 -0.69 -1.41]
[-1.78 -4.3   0.39 -1.55]
[-4.88  2.61  0.37 -1.55]
[-6.61  3.16 -0.53 -1.28]
[-5.32  2.78  0.27 -1.02]
[-7.23  3.43 -0.79 -0.63]
[-4.31  2.8   0.89 -0.58]
[-9.2   4.35 -2.06  0.27]
[-6.24  3.3   0.88  0.29]
[-9.07  4.16 -0.83  0.39]
[-5.84  3.13  0.89  0.34]
[-8.59  3.98 -0.77  0.48]
[-26.18   6.5    3.68   0.42]
[-10.37   4.42  -0.91   0.61]
[-58.41   6.48   8.21   0.49]
[-42.28   7.28   3.65   0.71]
[-26.54   7.42  -0.76   0.94]
[-72.56   6.65   7.86   0.7 ]
[-55.54   7.24   3.23   0.96]
[-71.22   6.82   5.35   0.97]
[-88.39   6.37   7.66   0.99]
[-176.2     3.61   23.67    0.71]
[-196.19    3.28   26.37    0.9 ]
[-216.92    2.82   29.16    0.99]
[-238.99    2.29   32.12    1.1 ]
[-262.25    1.66   35.23    1.25]
[-232.72    1.03   30.82    1.36]
[-177.05    0.44   22.67    1.37]
[-120.5    -0.14   14.41    1.38]
[-49.46  -0.48   3.98   1.34]
[-4.59 -3.58 -2.81  1.14]
[-105.8    -0.33   -7.26   -0.2 ]
[-326.19   -9.61   -6.56   -0.33]
[-470.54  -41.17   -8.49   -2.06]
[-461.6   -55.41  -11.91   -2.17]
[-455.64  -63.27  -13.32   -2.35]
[-444.43  -65.85  -12.85   -2.56]
[-446.17  -59.94  -10.95   -2.85]
[-451.64  -59.79  -10.86   -3.42]
[-458.15  -58.36  -10.73   -3.66]
[-474.31  -59.43  -10.08   -3.93]
[-515.88  -46.85   -8.16   -4.15]
[-567.92  -43.24   -8.77   -4.41]
[-622.8   -42.52   -7.75   -4.68]
[-641.68  -28.03   -7.4    -4.67]
[-51.61  -1.04   8.66  -1.97]
[-1.22 -3.59 -1.11 -1.65]
[ 2.21 -4.48  1.12 -1.91]
[-2.67 -3.16 -1.47 -1.18]
[ 1.97 -3.69  1.52 -1.87]
[-3.22 -2.55 -1.29 -1.13]
[-0.66  2.14  1.92 -1.79]
[-4.47  2.68 -0.05 -1.7 ]
[-4.22  2.06  0.3  -1.71]
[-6.72  3.37 -1.03 -1.15]
[-3.29  2.26  0.99 -1.06]
[-8.54  3.78 -1.99 -0.43]
[-4.73  2.84  0.14 -0.43]
[-6.14  3.23 -0.67 -0.08]
[-4.1   3.26  0.79  0.01]
[-7.04  3.28 -1.69  0.47]
[-4.6   3.44  1.27  0.47]
[-8.21  4.62 -0.9   0.66]
[-4.66  3.49  0.96  0.56]
[-7.89  4.51 -0.99  0.78]
[-4.39  3.35  0.82  0.66]
[-4.99  5.94 -0.77  0.86]
[-6.94  5.58 -0.96  0.65]
[-37.55   8.72   4.02   0.58]
[-11.15   4.69  -2.2    0.87]
[-57.38   6.41   6.73   0.69]
[-30.73   6.95   0.5    1.01]
[-21.6    6.21  -2.04   1.19]
[-70.08   5.62   7.21   0.95]
[-51.84   5.23   2.17   1.17]
[-65.39   4.59   3.94   1.26]
[-81.44   3.87   6.05   1.36]
[-70.96   3.12   4.32   1.48]
[-13.46   0.33  -4.34   1.49]
[-43.86   0.38   3.16   1.2 ]
[-7.57e+01 -1.00e-02 -2.94e+00  1.27e+00]
[-479.63  -47.76   -9.18   -1.7 ]
[-483.97  -20.32  -12.02   -2.11]
[-388.95  -13.64  -10.78   -2.77]
[-306.09  -10.9    -8.82   -1.64]
[-312.09   -5.28   29.21   -1.06]
[-274.77   -4.23   36.93   -1.11]
[-228.41   -3.53   30.4    -1.09]
[-179.73   -2.87   23.55   -1.07]
[-129.01   -2.21   16.4    -1.05]
[-77.02  -1.55   9.04  -1.03]
[-25.24  -0.99   1.57  -1.01]
[-1.17 -3.9  -1.9  -0.99]
[ 2.29 -4.8   0.17 -1.22]
[-486.95  -14.2    -8.34   -3.43]
[ 1.68 -4.43  0.2  -1.51]
[ 0.01 -4.03 -0.6  -1.  ]
[ 2.37 -3.95  0.95 -1.14]
[-1.68 -1.34 -1.19 -0.79]
