[-1.44 -1.3   0.79  0.  ]
[-2.29 -5.07  0.22  0.  ]
[-2.89 -0.68  0.47  0.  ]
[-2.09  3.37  0.33  0.  ]
[-1.68 -1.49  0.27  0.  ]
[-1.07  4.21  0.31  0.  ]
[-1.63  1.43  0.3   0.  ]
[-1.15  3.59  0.31  0.  ]
[-1.32  2.8   0.36  0.  ]
[-1.09  4.48  0.4   0.  ]
[-0.67  5.09  0.3   0.  ]
[-0.25  4.9   0.18  0.  ]
[0.12 4.92 0.17 0.  ]
[0.59 5.17 0.21 0.  ]
[1.16 4.72 0.15 0.  ]
[1.21 3.86 0.53 0.  ]
[1.54 2.47 0.55 0.  ]
[1.47 0.5  0.58 0.  ]
[ 1.98 -2.14  0.02  0.  ]
[ 0.4  -1.96  0.62  0.  ]
[ 2.01 -1.27  0.63  0.  ]
[ 1.49 -1.7   0.66  0.  ]
[ 0.96 -1.6   0.68  0.  ]
[ 0.43 -1.51  0.71  0.  ]
[-0.1  -1.41  0.73  0.  ]
[-0.58 -0.94  0.76  0.  ]
[-0.7   1.55  0.77  0.  ]
[-0.03  3.01  0.76  0.  ]
[0.52 3.12 0.78 0.  ]
[0.75 1.   0.8  0.  ]
[0.63 3.39 0.82 0.  ]
[0.32 1.18 0.79 0.  ]
[0.3  1.07 0.74 0.  ]
[0.33 0.99 0.7  0.  ]
[0.37 0.84 0.66 0.  ]
[0.41 0.54 0.63 0.  ]
[0.38 0.07 0.62 0.  ]
[ 0.13 -1.4   0.65  0.  ]
[-0.33 -1.45  0.68  0.  ]
[-0.55 -0.13  0.7   0.  ]
[-0.43  2.14  0.71  0.  ]
[0.16 1.72 0.7  0.  ]
[0.6  0.75 0.72 0.  ]
[ 0.69 -1.97  0.73  0.  ]
[ 0.08 -3.25  0.77  0.  ]
[-0.45 -3.43  0.78  0.  ]
[-0.68 -1.68  0.79  0.  ]
[-0.53  1.27  0.8   0.  ]
[0.05 0.44 0.78 0.  ]
[ 0.57 -0.12  0.79  0.  ]
[ 0.47 -1.87  0.8   0.  ]
[-0.33 -3.44  0.81  0.  ]
[1.4  3.84 0.7  0.  ]
[1.45 4.75 0.67 0.  ]
[1.81 4.04 0.65 0.  ]
[2.1  3.74 0.62 0.  ]
[2.37 3.48 0.59 0.  ]
[2.61 3.22 0.56 0.  ]
[2.8  2.87 0.52 0.  ]
[2.97 2.43 0.48 0.  ]
[3.13 2.09 0.46 0.  ]
[3.28 1.74 0.43 0.  ]
[3.4  1.38 0.4  0.  ]
[3.51 0.99 0.38 0.  ]
[3.61 0.59 0.35 0.  ]
[3.75 0.32 0.35 0.  ]
[ 3.67 -0.93  0.35  0.  ]
[ 3.21 -1.96  0.36  0.  ]
[ 2.7  -1.88  0.39  0.  ]
[ 2.19 -1.77  0.41  0.  ]
[ 1.69 -1.65  0.43  0.  ]
[ 1.18 -1.51  0.45  0.  ]
[ 0.64 -4.22  0.45  0.  ]
[ 0.16 -1.2   0.49  0.  ]
[-0.23 -1.21  0.5   0.  ]
[0.37 3.01 0.49 0.  ]
[0.5  2.49 0.42 0.  ]
[0.58 2.04 0.39 0.  ]
[0.63 1.48 0.38 0.  ]
[0.54 0.73 0.37 0.  ]
[0.5  0.13 0.37 0.  ]
[ 0.67 -0.1   0.37  0.  ]
[ 0.32 -2.02  0.37  0.  ]
[-0.14 -1.33  0.39  0.  ]
[-0.44 -2.09  0.4   0.  ]
[-0.56  0.2   0.43  0.  ]
[-0.25  3.78  0.44  0.  ]
[0.04 4.04 0.42 0.  ]
[0.56 4.31 0.4  0.  ]
[0.9  2.72 0.39 0.  ]
[0.99 0.83 0.38 0.  ]
[ 0.98 -0.24  0.37  0.  ]
[ 0.43 -2.57  0.41  0.  ]
[ 0.31 -2.7   0.44  0.  ]
[ 0.01 -1.9   0.42  0.  ]
[-0.33 -3.26  0.42  0.  ]
[-0.45 -1.5   0.45  0.  ]
[-0.32  0.9   0.47  0.  ]
[-0.23  1.01  0.47  0.  ]
[0.17 3.57 0.45 0.  ]
[0.67 3.62 0.43 0.  ]
[0.95 1.96 0.42 0.  ]
[1.12 0.85 0.4  0.  ]
[ 1.19 -0.24  0.39  0.  ]
[ 1.52 -1.22  0.38  0.  ]
[ 1.01 -2.79  0.39  0.  ]
[ 0.36 -2.43  0.4   0.  ]
[-0.11 -2.16  0.41  0.  ]
[-0.41 -3.07  0.42  0.  ]
[-0.56  0.4   0.44  0.  ]
[-0.26  3.51  0.43  0.  ]
[0.25 3.86 0.43 0.  ]
[0.51 2.99 0.37 0.  ]
[0.82 2.59 0.35 0.  ]
[1.05 1.75 0.33 0.  ]
[1.18 0.73 0.32 0.  ]
[ 1.22 -0.4   0.33  0.  ]
[ 0.67 -2.86  0.36  0.  ]
[ 0.87 -2.61  0.33  0.  ]
[ 0.37 -2.36  0.34  0.  ]
[-0.12 -5.21  0.34  0.  ]
[-0.51 -2.05  0.36  0.  ]
[-0.3   0.54  0.38  0.  ]
[-0.33  2.36  0.37  0.  ]
[0.07 3.29 0.35 0.  ]
[0.59 3.53 0.33 0.  ]
[0.96 2.08 0.32 0.  ]
[1.19 0.85 0.31 0.  ]
[ 1.34 -0.23  0.3   0.  ]
[ 0.79 -3.32  0.34  0.  ]
[ 0.25 -3.51  0.36  0.  ]
[ 0.53 -2.42  0.34  0.  ]
[ 0.01 -3.25  0.36  0.  ]
[-0.22 -4.32  0.36  0.  ]
[-0.44 -3.    0.38  0.  ]
[-0.42  2.79  0.35  0.  ]
[0.03 2.74 0.33 0.  ]
[0.55 3.21 0.31 0.  ]
[0.98 1.99 0.3  0.  ]
[1.28 0.87 0.29 0.  ]
[ 1.5  -0.21  0.28  0.  ]
[ 1.01 -3.17  0.32  0.  ]
[ 0.46 -3.87  0.34  0.  ]
[-0.08 -3.98  0.37  0.  ]
[ 0.43 -1.45  0.35  0.  ]
[ 0.22 -4.18  0.34  0.  ]
[-0.15 -5.    0.36  0.  ]
[-0.45 -4.1   0.38  0.  ]
[0.01 3.02 0.35 0.  ]
[0.05 0.83 0.34 0.  ]
[0.46 2.03 0.33 0.  ]
[0.84 1.45 0.31 0.  ]
[1.15 0.56 0.3  0.  ]
[ 1.39 -0.56  0.31  0.  ]
[ 1.55 -3.59  0.34  0.  ]
[ 1.12 -3.81  0.31  0.  ]
[ 0.42 -3.49  0.32  0.  ]
[-0.05 -3.25  0.33  0.  ]
[-0.41 -4.43  0.34  0.  ]
[-0.59 -2.24  0.36  0.  ]
[-0.46  0.82  0.39  0.  ]
[0.01 2.79 0.39 0.  ]
[0.41 2.68 0.36 0.  ]
[0.86 2.29 0.33 0.  ]
[1.23 1.39 0.32 0.  ]
[1.5  0.34 0.31 0.  ]
[ 2.38 -0.35  0.29  0.  ]
[ 1.96 -3.55  0.32  0.  ]
[ 1.67 -2.62  0.27  0.  ]
[ 1.21 -2.49  0.29  0.  ]
[ 0.75 -2.32  0.31  0.  ]
[ 0.3  -5.03  0.31  0.  ]
[-0.16 -4.87  0.32  0.  ]
[-0.6  -4.1   0.35  0.  ]
[-0.8  -1.07  0.37  0.  ]
[-0.58  2.99  0.4   0.  ]
[-0.09  2.43  0.4   0.  ]
[0.32 3.42 0.38 0.  ]
[0.68 2.51 0.37 0.  ]
[0.89 1.28 0.35 0.  ]
[1.02 0.36 0.34 0.  ]
[ 0.87 -1.9   0.35  0.  ]
[ 0.33 -3.12  0.39  0.  ]
[ 0.47 -2.41  0.37  0.  ]
[-0.04 -2.8   0.39  0.  ]
[-0.53 -2.45  0.41  0.  ]
[-0.81 -1.27  0.42  0.  ]
[-0.53  2.96  0.44  0.  ]
[-0.03  1.94  0.44  0.  ]
[0.52 4.23 0.46 0.  ]
[0.81 2.45 0.44 0.  ]
[1.04 1.67 0.43 0.  ]
[1.17 0.64 0.41 0.  ]
[2.11 1.52 0.37 0.  ]
[2.13 0.65 0.34 0.  ]
[2.51 0.09 0.31 0.  ]
[ 2.42 -2.86  0.3   0.  ]
[ 1.97 -2.24  0.32  0.  ]
[ 1.48 -2.14  0.34  0.  ]
[ 0.98 -2.03  0.36  0.  ]
[ 0.49 -1.9   0.38  0.  ]
[ 3.65e-03 -4.61e+00  3.78e-01  0.00e+00]
[-0.48 -4.54  0.39  0.  ]
[-0.82 -2.08  0.42  0.  ]
[-0.74  2.04  0.45  0.  ]
[-0.27  4.84  0.45  0.  ]
[0.12 4.01 0.44 0.  ]
[0.6  3.97 0.42 0.  ]
[0.87 2.28 0.41 0.  ]
[0.98 0.97 0.39 0.  ]
[ 1.   -0.08  0.38  0.  ]
[ 0.43 -2.98  0.42  0.  ]
[-0.1  -2.8   0.44  0.  ]
[-0.14 -2.43  0.47  0.  ]
[-0.06  0.54  0.45  0.  ]
[ 0.04 -1.46  0.45  0.  ]
[-0.03  1.12  0.49  0.  ]
[ 0.11 -1.47  0.48  0.  ]
[0.03 1.29 0.52 0.  ]
[-0.1  -2.12  0.48  0.  ]
[-0.11  1.13  0.5   0.  ]
[-0.09  1.68  0.49  0.  ]
[0.09 2.8  0.43 0.  ]
[0.29 2.84 0.4  0.  ]
[0.52 2.56 0.38 0.  ]
[0.71 2.07 0.36 0.  ]
[0.84 1.35 0.34 0.  ]
[0.9  0.44 0.32 0.  ]
[ 0.89 -0.58  0.34  0.  ]
[ 0.34 -2.37  0.38  0.  ]
[-0.2  -2.53  0.4   0.  ]
[0.16 0.5  0.39 0.  ]
[ 0.04 -2.33  0.39  0.  ]
[-0.06 -1.52  0.42  0.  ]
[-0.15 -1.03  0.44  0.  ]
[-0.15 -0.17  0.46  0.  ]
[-0.07  0.69  0.48  0.  ]
[0.2  2.61 0.48 0.  ]
[0.11 1.86 0.45 0.  ]
[0.36 1.59 0.41 0.  ]
[0.57 1.22 0.38 0.  ]
[0.84 0.39 0.35 0.  ]
[ 1.08 -1.08  0.32  0.  ]
[ 0.65 -2.16  0.34  0.  ]
[ 0.14 -2.22  0.37  0.  ]
[-0.37 -2.19  0.39  0.  ]
[-0.56 -1.8   0.4   0.  ]
[-0.5   1.06  0.43  0.  ]
[-0.04  2.1   0.44  0.  ]
[0.51 2.06 0.46 0.  ]
[0.78 2.02 0.48 0.  ]
[ 1.07 -0.07  0.46  0.  ]
[ 0.7  -2.45  0.43  0.  ]
[ 0.23 -2.03  0.44  0.  ]
[-0.26 -1.89  0.46  0.  ]
[-0.56 -1.97  0.47  0.  ]
[-0.55  0.85  0.49  0.  ]
[-0.12  2.3   0.5   0.  ]
[0.42 4.43 0.52 0.  ]
[0.65 2.42 0.5  0.  ]
[0.7  0.93 0.48 0.  ]
[0.7  0.21 0.47 0.  ]
[ 1.   -0.36  0.46  0.  ]
[ 0.64 -2.06  0.45  0.  ]
[ 0.16 -1.82  0.46  0.  ]
[-0.32 -1.6   0.47  0.  ]
[-0.59 -1.35  0.48  0.  ]
[-0.54  1.71  0.51  0.  ]
[-0.07  2.91  0.51  0.  ]
[0.48 4.92 0.53 0.  ]
[0.64 2.58 0.52 0.  ]
[0.68 1.39 0.5  0.  ]
[0.67 0.71 0.48 0.  ]
[ 0.94 -0.03  0.48  0.  ]
[ 0.72 -1.48  0.46  0.  ]
[ 0.24 -1.85  0.48  0.  ]
[-0.27 -1.44  0.48  0.  ]
[-0.56 -1.46  0.49  0.  ]
[-0.55  1.51  0.51  0.  ]
[-0.11  5.61  0.52  0.  ]
[0.17 4.36 0.5  0.  ]
[0.44 3.65 0.48 0.  ]
[0.7  3.29 0.46 0.  ]
[0.89 2.68 0.44 0.  ]
[1.   1.82 0.43 0.  ]
[1.01 0.8  0.42 0.  ]
[ 1.41 -0.3   0.41  0.  ]
[ 1.24 -0.86  0.4   0.  ]
[ 0.75 -1.59  0.41  0.  ]
[ 0.22 -4.27  0.42  0.  ]
[-0.28 -1.48  0.46  0.  ]
[-0.46  0.48  0.46  0.  ]
[-0.34  3.6   0.39  0.  ]
[-0.13  3.84  0.35  0.  ]
[0.28 4.57 0.34 0.  ]
[0.65 3.84 0.32 0.  ]
[0.95 3.17 0.31 0.  ]
[1.16 2.25 0.31 0.  ]
[1.27 1.25 0.3  0.  ]
[1.28 0.23 0.29 0.  ]
[ 0.89 -2.62  0.32  0.  ]
[ 0.36 -2.09  0.36  0.  ]
[-0.19 -2.2   0.38  0.  ]
[-0.61 -1.33  0.41  0.  ]
[-0.44  0.43  0.41  0.  ]
[0.08 1.11 0.42 0.  ]
[0.51 0.35 0.44 0.  ]
[1.72 0.45 0.41 0.  ]
[1.55 1.08 0.43 0.  ]
[1.98 1.13 0.4  0.  ]
[2.17 0.71 0.37 0.  ]
[2.38 0.36 0.36 0.  ]
[ 2.46 -0.6   0.36  0.  ]
[ 2.02 -2.53  0.38  0.  ]
[ 1.51 -2.43  0.4   0.  ]
[ 1.   -2.31  0.42  0.  ]
[ 0.5  -2.17  0.45  0.  ]
[-0.01 -2.01  0.47  0.  ]
[-0.38 -3.12  0.47  0.  ]
[-0.51 -1.06  0.5   0.  ]
[-0.47  2.97  0.53  0.  ]
[0.07 2.79 0.51 0.  ]
[0.57 4.2  0.53 0.  ]
[0.73 3.14 0.43 0.  ]
[0.62 2.46 0.41 0.  ]
[0.75 1.86 0.39 0.  ]
[0.82 1.09 0.37 0.  ]
[0.82 0.22 0.36 0.  ]
[ 0.56 -1.8   0.38  0.  ]
[ 0.68 -1.04  0.37  0.  ]
[ 0.18 -1.9   0.39  0.  ]
[-0.29 -4.05  0.39  0.  ]
[-0.74 -1.51  0.41  0.  ]
[-0.55  2.5   0.43  0.  ]
[-0.3   3.22  0.38  0.  ]
[0.11 4.13 0.35 0.  ]
[0.61 4.16 0.34 0.  ]
[0.97 2.93 0.33 0.  ]
[1.23 1.98 0.32 0.  ]
[1.4  0.98 0.31 0.  ]
[ 1.47 -0.07  0.3   0.  ]
[ 0.89 -3.29  0.34  0.  ]
[ 0.36 -2.87  0.36  0.  ]
[-0.19 -2.98  0.39  0.  ]
[-0.61 -2.13  0.41  0.  ]
[0.53 1.85 0.38 0.  ]
[ 0.71 -1.98  0.38  0.  ]
[ 0.39 -1.86  0.41  0.  ]
[-0.1  -4.86  0.41  0.  ]
[-0.5  -1.24  0.43  0.  ]
[-0.2   1.71  0.44  0.  ]
[0.22 3.4  0.41 0.  ]
[0.63 3.26 0.4  0.  ]
[0.51 2.32 0.34 0.  ]
[0.82 1.87 0.32 0.  ]
[1.05 1.   0.31 0.  ]
[ 1.18 -0.09  0.3   0.  ]
[ 0.67 -3.5   0.34  0.  ]
[1.17 0.12 0.33 0.  ]
[ 0.83 -1.67  0.28  0.  ]
[ 0.36 -6.03  0.27  0.  ]
[-0.16 -5.97  0.3   0.  ]
[-0.49 -3.99  0.32  0.  ]
[-0.72 -0.66  0.35  0.  ]
[-0.37  2.95  0.37  0.  ]
[0.11 1.26 0.37 0.  ]
[0.59 0.64 0.4  0.  ]
[0.86 0.95 0.39 0.  ]
[1.02 0.02 0.38 0.  ]
[ 1.17 -3.7   0.4   0.  ]
[1.34 1.36 0.35 0.  ]
[ 1.22 -1.36  0.29  0.  ]
[ 0.84 -2.61  0.31  0.  ]
[ 0.33 -2.64  0.33  0.  ]
[-0.18 -2.67  0.36  0.  ]
[-0.5  -3.28  0.37  0.  ]
[-0.57 -0.79  0.4   0.  ]
[-0.33  2.05  0.42  0.  ]
[0.15 1.45 0.43 0.  ]
[0.61 0.54 0.46 0.  ]
[ 0.74 -2.39  0.48  0.  ]
[ 0.71 -2.72  0.45  0.  ]
[ 0.17 -2.56  0.47  0.  ]
[-0.34 -2.38  0.48  0.  ]
[-0.61 -2.03  0.49  0.  ]
[-0.54  1.14  0.51  0.  ]
[-0.08  2.24  0.52  0.  ]
[0.47 4.35 0.54 0.  ]
[0.68 2.4  0.52 0.  ]
[0.77 1.19 0.5  0.  ]
[0.8  0.4  0.48 0.  ]
[ 0.77 -0.62  0.49  0.  ]
[ 0.97 -0.83  0.48  0.  ]
[ 0.47 -2.44  0.49  0.  ]
[-0.04 -2.25  0.51  0.  ]
[-0.59 -0.98  0.51  0.  ]
[-0.31  2.09  0.52  0.  ]
[-0.04  3.45  0.49  0.  ]
[0.25 3.09 0.43 0.  ]
[0.57 2.9  0.4  0.  ]
[0.86 2.35 0.39 0.  ]
[1.07 1.49 0.37 0.  ]
[1.19 0.44 0.36 0.  ]
[ 1.17 -1.    0.37  0.  ]
[ 0.62 -3.01  0.4   0.  ]
[ 0.07 -3.15  0.43  0.  ]
[-0.47 -3.32  0.45  0.  ]
[ 0.15 -2.43  0.46  0.  ]
[0.52 1.45 0.43 0.  ]
[ 0.79 -1.54  0.42  0.  ]
[0.97 2.36 0.43 0.  ]
[ 0.86 -4.56  0.41  0.  ]
[0.79 0.33 0.41 0.  ]
[ 0.52 -3.1   0.4   0.  ]
[ 0.23 -3.63  0.41  0.  ]
[-0.15 -4.45  0.42  0.  ]
[-0.39 -3.35  0.44  0.  ]
[-0.44 -1.28  0.47  0.  ]
[-0.24  1.01  0.49  0.  ]
[0.22 2.49 0.5  0.  ]
[0.39 1.59 0.45 0.  ]
[0.29 1.17 0.43 0.  ]
[0.5  0.91 0.42 0.  ]
[0.7  0.41 0.41 0.  ]
[ 0.86 -0.36  0.42  0.  ]
[ 0.39 -2.98  0.45  0.  ]
[ 0.28 -3.77  0.47  0.  ]
[-0.02 -2.92  0.45  0.  ]
[-0.47 -4.68  0.43  0.  ]
[-0.65 -2.11  0.46  0.  ]
[-0.48  1.27  0.48  0.  ]
[-0.19  2.57  0.45  0.  ]
[0.19 2.79 0.41 0.  ]
[0.64 2.63 0.38 0.  ]
[1.05 1.98 0.36 0.  ]
[1.38 0.9  0.33 0.  ]
[ 1.64 -0.2   0.31  0.  ]
[ 1.19 -3.01  0.35  0.  ]
[ 0.63 -3.98  0.37  0.  ]
[ 0.09 -4.04  0.4   0.  ]
[-0.45 -4.12  0.42  0.  ]
[-0.51 -3.27  0.43  0.  ]
[-0.3  -0.72  0.45  0.  ]
[0.06 0.74 0.47 0.  ]
[1.46 0.92 0.44 0.  ]
[ 1.65 -3.31  0.43  0.  ]
[ 1.24 -4.93  0.45  0.  ]
[1.49 3.58 0.4  0.  ]
[ 1.57 -2.79  0.38  0.  ]
[1.62 1.02 0.38 0.  ]
[ 1.45 -4.98  0.35  0.  ]
[ 1.28 -1.21  0.35  0.  ]
[ 0.77 -2.96  0.34  0.  ]
[ 0.31 -5.81  0.35  0.  ]
[-0.2  -5.76  0.37  0.  ]
[-0.74 -3.03  0.4   0.  ]
[-0.7  -0.22  0.42  0.  ]
[-0.34  3.37  0.45  0.  ]
[0.18 3.62 0.45 0.  ]
[0.42 1.66 0.43 0.  ]
[0.7  1.3  0.41 0.  ]
[0.91 0.59 0.4  0.  ]
[ 1.06 -0.42  0.4   0.  ]
[ 0.51 -3.68  0.43  0.  ]
[ 0.61 -3.49  0.41  0.  ]
[ 0.21 -2.21  0.4   0.  ]
[-0.13 -4.55  0.4   0.  ]
[-0.55 -4.19  0.4   0.  ]
[-0.67 -1.34  0.42  0.  ]
[-0.43  2.12  0.45  0.  ]
[0.06 2.87 0.45 0.  ]
[0.29 2.   0.42 0.  ]
[0.62 1.73 0.39 0.  ]
[0.92 1.16 0.37 0.  ]
[1.12 0.2  0.36 0.  ]
[ 0.94 -2.67  0.38  0.  ]
[ 1.   -3.83  0.41  0.  ]
[ 0.56 -3.59  0.39  0.  ]
[ 0.05 -3.45  0.41  0.  ]
[-0.5  -5.79  0.38  0.  ]
[-0.57 -0.62  0.39  0.  ]
[-0.3   2.29  0.42  0.  ]
[0.19 3.34 0.42 0.  ]
[0.47 1.91 0.4  0.  ]
[0.78 1.47 0.38 0.  ]
[1.02 0.68 0.36 0.  ]
[ 1.72 -0.87  0.29  0.  ]
[ 1.41 -2.46  0.29  0.  ]
[ 0.91 -2.58  0.32  0.  ]
[ 0.39 -2.62  0.34  0.  ]
[-0.12 -5.53  0.35  0.  ]
[-0.57 -4.92  0.37  0.  ]
[-0.79 -2.08  0.4   0.  ]
[-0.6   1.93  0.43  0.  ]
[-0.12  1.59  0.44  0.  ]
[0.43 1.54 0.46 0.  ]
[0.74 1.71 0.48 0.  ]
[ 0.71 -0.42  0.47  0.  ]
[ 0.81 -1.02  0.47  0.  ]
[ 0.41 -2.71  0.44  0.  ]
[-0.07 -2.43  0.45  0.  ]
[-0.46 -3.62  0.45  0.  ]
[-0.62 -1.31  0.48  0.  ]
[-0.46  1.82  0.5   0.  ]
[0.02 2.07 0.51 0.  ]
[0.55 1.94 0.53 0.  ]
[0.79 2.34 0.55 0.  ]
[1.06 0.88 0.52 0.  ]
[ 1.16 -0.07  0.46  0.  ]
[ 0.73 -2.32  0.46  0.  ]
[ 0.23 -2.04  0.48  0.  ]
[-0.26 -1.9   0.5   0.  ]
[-0.58 -2.38  0.51  0.  ]
[-0.57  1.09  0.53  0.  ]
[-0.12  2.65  0.54  0.  ]
[0.43 4.99 0.56 0.  ]
[0.49 2.04 0.54 0.  ]
[0.57 1.66 0.52 0.  ]
[0.62 1.14 0.5  0.  ]
[0.62 0.53 0.49 0.  ]
[1.1  0.93 0.47 0.  ]
[ 1.22 -0.04  0.41  0.  ]
[ 0.78 -2.66  0.42  0.  ]
[ 0.29 -1.94  0.45  0.  ]
[-0.21 -1.81  0.46  0.  ]
[-0.55 -2.17  0.47  0.  ]
[-0.58  0.68  0.5   0.  ]
[-0.17  2.28  0.5   0.  ]
[0.37 4.78 0.53 0.  ]
[0.47 2.02 0.51 0.  ]
[0.57 1.57 0.49 0.  ]
[0.64 1.04 0.47 0.  ]
[0.66 0.38 0.45 0.  ]
[1.12 0.72 0.44 0.  ]
[ 1.28 -0.14  0.4   0.  ]
[ 0.85 -2.01  0.41  0.  ]
[ 0.35 -2.02  0.43  0.  ]
[-0.15 -1.92  0.45  0.  ]
[-0.51 -2.58  0.46  0.  ]
[-0.59  0.06  0.49  0.  ]
[-0.29  1.98  0.5   0.  ]
[0.23 2.57 0.52 0.  ]
[0.65 3.86 0.54 0.  ]
[0.61 1.23 0.52 0.  ]
[0.98 1.22 0.49 0.  ]
[1.1  0.22 0.43 0.  ]
[ 0.83 -1.93  0.43  0.  ]
[ 0.36 -1.78  0.45  0.  ]
[-0.14 -1.69  0.47  0.  ]
[-0.58 -1.07  0.49  0.  ]
[-0.63  0.53  0.5   0.  ]
[-0.24  2.4   0.5   0.  ]
[0.3  5.   0.52 0.  ]
[0.55 3.2  0.51 0.  ]
[0.65 1.79 0.49 0.  ]
[0.69 1.07 0.47 0.  ]
[0.67 0.37 0.45 0.  ]
[ 0.61 -0.44  0.47  0.  ]
[ 0.74 -0.22  0.47  0.  ]
[ 0.25 -2.01  0.47  0.  ]
[-0.26 -1.86  0.49  0.  ]
[-0.51 -1.85  0.5   0.  ]
[-0.69  0.73  0.52  0.  ]
[-0.24  5.36  0.53  0.  ]
[0.15 4.58 0.5  0.  ]
[0.63 4.57 0.48 0.  ]
[0.88 2.91 0.46 0.  ]
[1.05 2.09 0.45 0.  ]
[1.12 1.09 0.43 0.  ]
[1.09 0.03 0.42 0.  ]
[ 1.   -2.65  0.44  0.  ]
[ 1.   -2.03  0.41  0.  ]
[ 0.55 -1.55  0.39  0.  ]
[ 0.04 -4.42  0.39  0.  ]
[-0.02  0.35  0.4   0.  ]
[0.12 1.59 0.41 0.  ]
[0.24 1.49 0.38 0.  ]
[0.17 1.13 0.36 0.  ]
[0.28 0.93 0.34 0.  ]
[0.42 0.69 0.33 0.  ]
[0.55 0.18 0.33 0.  ]
[ 0.89 -1.25  0.3   0.  ]
[ 0.47 -2.17  0.32  0.  ]
[-0.03 -2.24  0.35  0.  ]
[-0.52 -2.    0.37  0.  ]
[-0.59 -0.84  0.38  0.  ]
[-0.4   2.1   0.41  0.  ]
[0.08 2.   0.42 0.  ]
[0.57 1.49 0.44 0.  ]
[ 0.76 -1.29  0.47  0.  ]
[ 0.57 -2.58  0.51  0.  ]
[ 0.15 -2.35  0.49  0.  ]
[-0.3  -2.4   0.48  0.  ]
[-0.7  -2.31  0.49  0.  ]
[-0.69  1.27  0.51  0.  ]
[-0.23  5.17  0.51  0.  ]
[0.18 4.32 0.5  0.  ]
[0.63 4.16 0.47 0.  ]
[0.85 2.42 0.46 0.  ]
[0.96 1.45 0.44 0.  ]
[0.98 0.46 0.43 0.  ]
[ 0.82 -1.17  0.44  0.  ]
[ 0.76 -2.6   0.47  0.  ]
[ 0.52 -2.21  0.44  0.  ]
[ 0.05 -2.02  0.46  0.  ]
[-0.36 -3.55  0.46  0.  ]
[-0.54 -1.57  0.49  0.  ]
[-0.32  2.41  0.5   0.  ]
[-0.31  3.96  0.48  0.  ]
[0.11 4.42 0.45 0.  ]
[0.51 3.92 0.42 0.  ]
[0.86 3.21 0.41 0.  ]
[1.12 2.39 0.39 0.  ]
[1.28 1.39 0.37 0.  ]
[1.35 0.34 0.36 0.  ]
[ 1.77 -1.84  0.38  0.  ]
[ 1.58 -2.29  0.35  0.  ]
[ 1.1  -2.13  0.37  0.  ]
[ 0.61 -1.5   0.37  0.  ]
[ 0.21 -4.03  0.37  0.  ]
[-0.2  -1.56  0.38  0.  ]
[-0.1   0.64  0.4   0.  ]
[-0.04  1.96  0.39  0.  ]
[0.1  2.44 0.37 0.  ]
[0.28 2.34 0.36 0.  ]
[0.43 1.69 0.34 0.  ]
[0.56 1.28 0.33 0.  ]
[0.65 0.7  0.32 0.  ]
[ 0.7  -0.03  0.32  0.  ]
[ 0.81 -2.12  0.31  0.  ]
[ 0.37 -1.79  0.33  0.  ]
[-0.14 -1.75  0.35  0.  ]
[-0.49 -2.53  0.36  0.  ]
[-0.52 -0.04  0.39  0.  ]
[-0.38  2.22  0.41  0.  ]
[0.11 2.44 0.42 0.  ]
[0.59 1.77 0.44 0.  ]
[0.76 1.83 0.46 0.  ]
[1.09 0.7  0.43 0.  ]
[ 1.26 -0.07  0.39  0.  ]
[ 0.83 -2.1   0.4   0.  ]
[ 0.33 -1.96  0.43  0.  ]
[-0.17 -1.86  0.44  0.  ]
[-0.6  -1.2   0.46  0.  ]
[-0.7   0.49  0.47  0.  ]
[-0.26  2.67  0.47  0.  ]
[0.29 2.73 0.5  0.  ]
[0.68 1.35 0.52 0.  ]
[0.74 2.28 0.54 0.  ]
[1.03 0.75 0.47 0.  ]
[1.03 0.36 0.45 0.  ]
[ 0.84 -0.97  0.45  0.  ]
[ 0.38 -1.42  0.47  0.  ]
[-0.13 -1.33  0.5   0.  ]
[-0.57 -0.58  0.52  0.  ]
[-0.69  2.38  0.54  0.  ]
[-0.39  3.2   0.53  0.  ]
[0.16 3.37 0.55 0.  ]
[0.62 2.64 0.57 0.  ]
[0.76 3.72 0.59 0.  ]
[0.98 2.33 0.56 0.  ]
[1.06 1.63 0.51 0.  ]
[1.01 1.21 0.48 0.  ]
[0.95 0.88 0.46 0.  ]
[0.88 0.55 0.44 0.  ]
[0.84 0.35 0.44 0.  ]
[ 0.67 -0.52  0.44  0.  ]
[ 0.38 -0.97  0.47  0.  ]
[-0.11 -0.91  0.49  0.  ]
[-0.58 -0.24  0.52  0.  ]
[-0.73  1.44  0.53  0.  ]
[-0.16  3.58  0.53  0.  ]
[0.38 3.6  0.55 0.  ]
[0.72 4.42 0.58 0.  ]
[0.53 1.56 0.56 0.  ]
[0.43 1.07 0.54 0.  ]
[0.32 0.64 0.52 0.  ]
[0.22 0.28 0.51 0.  ]
[0.42 1.13 0.5  0.  ]
[0.41 0.86 0.48 0.  ]
[0.43 0.36 0.45 0.  ]
[0.47 0.18 0.45 0.  ]
[ 0.44 -0.3   0.46  0.  ]
[ 0.11 -0.56  0.48  0.  ]
[-0.29 -0.78  0.5   0.  ]
[-0.57  0.37  0.51  0.  ]
[-0.46  1.15  0.51  0.  ]
[0.03 2.91 0.53 0.  ]
[0.56 2.73 0.55 0.  ]
[0.79 3.06 0.57 0.  ]
[0.83 0.6  0.55 0.  ]
[0.94 1.19 0.52 0.  ]
[0.97 0.63 0.48 0.  ]
[0.98 0.39 0.47 0.  ]
[ 0.84 -0.63  0.47  0.  ]
[ 0.38 -1.49  0.49  0.  ]
[-0.12 -1.4   0.51  0.  ]
[-0.57 -0.75  0.53  0.  ]
[-0.81  2.1   0.55  0.  ]
[-0.4   3.35  0.54  0.  ]
[0.14 3.41 0.56 0.  ]
[0.61 2.76 0.58 0.  ]
[0.63 2.21 0.56 0.  ]
[0.59 1.67 0.54 0.  ]
[0.9  1.76 0.51 0.  ]
[0.95 1.45 0.48 0.  ]
[0.99 1.11 0.46 0.  ]
[1.03 0.55 0.42 0.  ]
[1.02 0.14 0.42 0.  ]
[ 0.65 -2.21  0.43  0.  ]
[ 0.16 -1.4   0.46  0.  ]
[-0.35 -1.32  0.48  0.  ]
[-0.69  0.41  0.5   0.  ]
[-0.57  1.5   0.5   0.  ]
[-0.06  3.24  0.52  0.  ]
[0.49 5.26 0.54 0.  ]
[0.52 2.3  0.52 0.  ]
[0.58 1.87 0.5  0.  ]
[0.6  1.33 0.48 0.  ]
[0.59 0.73 0.46 0.  ]
[1.01 1.06 0.43 0.  ]
[1.1  0.65 0.41 0.  ]
[1.21 0.36 0.4  0.  ]
[ 1.13 -1.2   0.39  0.  ]
[ 0.68 -1.89  0.41  0.  ]
[ 0.18 -1.83  0.43  0.  ]
[-0.31 -1.87  0.44  0.  ]
[-0.68 -0.51  0.46  0.  ]
[-0.69  1.62  0.47  0.  ]
[-0.24  2.91  0.48  0.  ]
[0.31 2.89 0.5  0.  ]
[0.69 1.39 0.52 0.  ]
[1.03 2.29 0.54 0.  ]
[1.03 1.33 0.5  0.  ]
[1.09 0.68 0.46 0.  ]
[1.1  0.38 0.44 0.  ]
[ 0.94 -0.85  0.44  0.  ]
[ 0.48 -1.46  0.46  0.  ]
[-0.03 -1.39  0.49  0.  ]
[-0.51 -1.06  0.51  0.  ]
[-0.81  1.36  0.53  0.  ]
[-0.45  2.86  0.52  0.  ]
[0.09 3.35 0.54 0.  ]
[0.59 2.97 0.56 0.  ]
[0.67 2.44 0.54 0.  ]
[0.66 1.54 0.52 0.  ]
[0.95 1.49 0.49 0.  ]
[1.02 0.82 0.44 0.  ]
[1.01 0.46 0.43 0.  ]
[ 0.94 -0.26  0.42  0.  ]
[ 0.49 -1.35  0.45  0.  ]
[-0.02 -1.29  0.47  0.  ]
[-0.51 -0.98  0.49  0.  ]
[-0.73  1.54  0.52  0.  ]
[-0.46  2.56  0.5   0.  ]
[0.07 3.34 0.53 0.  ]
[0.58 3.02 0.55 0.  ]
[0.79 3.71 0.57 0.  ]
[0.89 1.33 0.55 0.  ]
[0.98 1.79 0.51 0.  ]
[1.04 1.18 0.47 0.  ]
[1.   0.78 0.44 0.  ]
[0.99 0.5  0.43 0.  ]
[ 0.93 -0.03  0.43  0.  ]
[ 0.48 -1.69  0.44  0.  ]
[-0.03 -1.12  0.47  0.  ]
[-0.51 -0.77  0.49  0.  ]
[-0.72  1.77  0.52  0.  ]
[-0.24  2.91  0.51  0.  ]
[0.12 3.48 0.53 0.  ]
[0.6  2.91 0.55 0.  ]
[0.78 3.58 0.57 0.  ]
[0.53 1.19 0.56 0.  ]
[0.85 1.73 0.51 0.  ]
[0.87 1.42 0.49 0.  ]
[0.89 0.91 0.45 0.  ]
[0.87 0.56 0.43 0.  ]
[0.88 0.36 0.43 0.  ]
[ 0.77 -0.49  0.43  0.  ]
[ 0.32 -1.34  0.45  0.  ]
[-0.19 -1.28  0.48  0.  ]
[-0.61 -0.33  0.5   0.  ]
[-0.69  2.73  0.53  0.  ]
[-0.16  3.25  0.51  0.  ]
[0.19 3.31 0.54 0.  ]
[0.64 2.39 0.56 0.  ]
[0.76 3.24 0.58 0.  ]
[0.84 0.93 0.56 0.  ]
[0.95 1.62 0.52 0.  ]
[0.99 1.06 0.47 0.  ]
[0.95 0.66 0.45 0.  ]
[0.95 0.43 0.44 0.  ]
[ 0.87 -0.24  0.44  0.  ]
[ 0.42 -1.29  0.46  0.  ]
[-0.09 -1.22  0.48  0.  ]
[-0.55 -0.63  0.51  0.  ]
[-0.71  2.14  0.53  0.  ]
[-0.39  3.12  0.52  0.  ]
[0.15 3.41 0.54 0.  ]
[0.62 2.71 0.56 0.  ]
[0.77 3.52 0.58 0.  ]
[0.94 2.05 0.55 0.  ]
[0.99 1.45 0.5  0.  ]
[0.94 1.07 0.48 0.  ]
[0.88 0.73 0.46 0.  ]
[0.85 0.47 0.44 0.  ]
[0.83 0.28 0.44 0.  ]
[ 0.64 -0.75  0.45  0.  ]
[ 0.23 -1.11  0.48  0.  ]
[-0.26 -1.56  0.5   0.  ]
[-0.72 -0.34  0.53  0.  ]
[-0.7   3.08  0.55  0.  ]
[-0.18  3.47  0.54  0.  ]
[0.37 3.49 0.56 0.  ]
[0.59 1.69 0.58 0.  ]
[0.65 3.1  0.6  0.  ]
[0.41 0.88 0.58 0.  ]
[0.65 1.69 0.54 0.  ]
[0.64 1.42 0.52 0.  ]
[0.63 1.13 0.49 0.  ]
[0.62 0.67 0.46 0.  ]
[0.62 0.44 0.45 0.  ]
[0.64 0.33 0.45 0.  ]
[0.66 0.12 0.45 0.  ]
[ 0.45 -1.12  0.47  0.  ]
[-0.02 -1.56  0.49  0.  ]
[-0.5  -1.26  0.51  0.  ]
[-0.74  1.11  0.53  0.  ]
[-0.47  2.33  0.52  0.  ]
[0.06 3.14 0.55 0.  ]
[0.58 4.9  0.57 0.  ]
[0.66 2.69 0.54 0.  ]
[0.66 1.43 0.52 0.  ]
[0.61 0.8  0.5  0.  ]
[0.85 0.14 0.49 0.  ]
[ 0.75 -0.63  0.47  0.  ]
[ 0.31 -1.58  0.49  0.  ]
[-0.19 -2.03  0.51  0.  ]
[-0.61 -0.37  0.53  0.  ]
[-0.92  2.66  0.55  0.  ]
[-0.5   3.45  0.54  0.  ]
[0.05 6.24 0.55 0.  ]
[0.43 5.06 0.53 0.  ]
[0.73 4.08 0.51 0.  ]
[0.89 3.07 0.49 0.  ]
[0.96 2.24 0.47 0.  ]
[1.43 1.29 0.45 0.  ]
[1.7  2.23 0.4  0.  ]
[1.87 1.86 0.38 0.  ]
[2.05 0.94 0.34 0.  ]
[2.04 0.4  0.32 0.  ]
[ 1.93 -0.56  0.32  0.  ]
[ 1.48 -1.04  0.35  0.  ]
[ 0.97 -1.    0.38  0.  ]
[ 0.45 -0.94  0.4   0.  ]
[-0.06 -0.87  0.42  0.  ]
[-0.38 -2.01  0.43  0.  ]
[-0.5   0.02  0.46  0.  ]
[-0.45  1.64  0.48  0.  ]
[0.02 3.44 0.49 0.  ]
[0.54 5.4  0.51 0.  ]
[0.61 2.75 0.49 0.  ]
[0.91 2.13 0.47 0.  ]
[1.05 1.31 0.42 0.  ]
[1.03 0.82 0.4  0.  ]
[1.   0.52 0.38 0.  ]
[ 0.94 -0.02  0.38  0.  ]
[ 0.49 -1.94  0.4   0.  ]
[-0.02 -1.17  0.44  0.  ]
[-0.51 -0.66  0.46  0.  ]
[-0.71  1.91  0.49  0.  ]
[-0.24  2.9   0.47  0.  ]
[0.12 3.52 0.5  0.  ]
[0.6  2.88 0.52 0.  ]
[0.76 3.32 0.54 0.  ]
[0.57 0.99 0.53 0.  ]
[0.85 1.48 0.49 0.  ]
[0.87 1.15 0.46 0.  ]
[0.88 0.79 0.44 0.  ]
[0.9  0.5  0.42 0.  ]
[0.93 0.2  0.42 0.  ]
[ 0.66 -1.61  0.43  0.  ]
[ 0.19 -1.49  0.46  0.  ]
[-0.32 -1.42  0.48  0.  ]
[-0.68  0.14  0.5   0.  ]
[-0.51  2.38  0.51  0.  ]
[0.03 3.11 0.52 0.  ]
[0.32 2.86 0.54 0.  ]
[0.67 4.05 0.56 0.  ]
[0.58 1.58 0.54 0.  ]
[0.92 1.14 0.47 0.  ]
[0.88 0.63 0.45 0.  ]
[0.88 0.43 0.44 0.  ]
[ 0.81 -0.12  0.44  0.  ]
[ 0.37 -1.24  0.46  0.  ]
[-0.14 -1.18  0.48  0.  ]
[-0.58 -0.4   0.51  0.  ]
[-0.69  2.53  0.53  0.  ]
[-0.16  3.35  0.52  0.  ]
[0.2  3.41 0.54 0.  ]
[0.63 2.48 0.56 0.  ]
[0.76 3.28 0.58 0.  ]
[0.82 1.   0.57 0.  ]
[0.89 1.62 0.52 0.  ]
[0.9  1.3  0.49 0.  ]
[0.91 0.84 0.46 0.  ]
[0.89 0.52 0.44 0.  ]
[0.91 0.34 0.44 0.  ]
[ 0.76 -0.72  0.44  0.  ]
[ 0.3  -1.35  0.46  0.  ]
[-0.21 -1.29  0.49  0.  ]
[-0.62 -0.25  0.51  0.  ]
[-0.68  2.89  0.54  0.  ]
[-0.15  3.26  0.52  0.  ]
[0.2  3.33 0.55 0.  ]
[0.64 2.4  0.57 0.  ]
[0.76 3.31 0.59 0.  ]
[0.99 1.55 0.53 0.  ]
[0.94 1.14 0.5  0.  ]
[0.88 0.81 0.47 0.  ]
[0.82 0.53 0.46 0.  ]
[0.79 0.35 0.46 0.  ]
[ 0.68 -0.22  0.46  0.  ]
[ 0.41 -1.08  0.48  0.  ]
[-0.08 -1.51  0.51  0.  ]
[-0.56 -1.19  0.53  0.  ]
[-0.87  1.61  0.56  0.  ]
[-0.35  3.54  0.54  0.  ]
[0.19 3.58 0.57 0.  ]
[0.63 2.68 0.59 0.  ]
[0.7  3.54 0.61 0.  ]
[0.45 1.2  0.59 0.  ]
[0.3  0.75 0.57 0.  ]
[0.23 0.44 0.56 0.  ]
[0.42 1.52 0.53 0.  ]
[0.43 0.99 0.49 0.  ]
[0.37 0.58 0.46 0.  ]
[0.36 0.45 0.46 0.  ]
[0.37 0.36 0.46 0.  ]
[0.4  0.3  0.46 0.  ]
[0.44 0.25 0.47 0.  ]
[0.49 0.23 0.47 0.  ]
[ 0.49 -0.    0.48  0.  ]
[ 0.27 -1.01  0.5   0.  ]
[-0.14 -1.2   0.52  0.  ]
[-0.53 -1.13  0.53  0.  ]
[-0.72  0.88  0.54  0.  ]
[-0.38  2.55  0.53  0.  ]
[0.16 3.09 0.56 0.  ]
[0.62 2.33 0.58 0.  ]
[0.86 1.45 0.53 0.  ]
[0.79 0.54 0.5  0.  ]
[0.79 0.41 0.49 0.  ]
[0.77 0.18 0.49 0.  ]
[ 0.52 -1.1   0.5   0.  ]
[ 0.13 -1.39  0.52  0.  ]
[-0.36 -1.28  0.54  0.  ]
[-0.79  0.06  0.57  0.  ]
[-0.58  2.47  0.58  0.  ]
[-0.25  3.46  0.58  0.  ]
[0.3  3.53 0.6  0.  ]
[0.69 4.94 0.62 0.  ]
[0.53 2.1  0.6  0.  ]
[0.8  2.18 0.56 0.  ]
[0.86 1.54 0.51 0.  ]
[0.81 1.14 0.49 0.  ]
[0.74 0.82 0.46 0.  ]
[0.69 0.54 0.45 0.  ]
[0.66 0.37 0.45 0.  ]
[0.65 0.28 0.45 0.  ]
[ 0.56 -0.24  0.46  0.  ]
[ 0.13 -0.98  0.48  0.  ]
[-0.34 -1.17  0.5   0.  ]
[-0.72  0.43  0.53  0.  ]
[-0.36  1.58  0.52  0.  ]
[0.21 3.31 0.54 0.  ]
[0.64 4.42 0.57 0.  ]
[0.46 1.64 0.55 0.  ]
[0.42 1.17 0.52 0.  ]
[0.37 0.77 0.5  0.  ]
[0.32 0.38 0.49 0.  ]
[ 0.28 -0.02  0.49  0.  ]
[ 0.18 -0.96  0.52  0.  ]
[0.1  0.5  0.52 0.  ]
[0.11 1.56 0.49 0.  ]
[0.01 0.42 0.47 0.  ]
[0.12 0.71 0.47 0.  ]
[0.24 0.86 0.46 0.  ]
[0.4  0.74 0.44 0.  ]
[ 0.56 -0.29  0.41  0.  ]
[ 0.32 -0.88  0.44  0.  ]
[-0.08 -1.74  0.45  0.  ]
[-0.44 -1.38  0.47  0.  ]
[-0.63 -0.22  0.48  0.  ]
[-0.6   2.61  0.5   0.  ]
[-0.15  1.63  0.49  0.  ]
[0.46 1.82 0.5  0.  ]
[ 0.87 -0.62  0.5   0.  ]
[ 0.58 -1.43  0.52  0.  ]
[ 0.07 -2.37  0.53  0.  ]
