[-15.4   -3.03 -47.96 -46.99]
[ 36.96  -4.18 -46.04 -48.5 ]
[ 65.07  -4.13 -44.88 -38.7 ]
[ 68.21  -3.91 -43.66 -31.8 ]
[ 70.24  -3.69 -42.6  -22.23]
[ 72.05  -3.46 -41.44 -13.33]
[ 73.77  -3.23 -40.19  -5.15]
[ 76.26  -2.98 -38.85   2.37]
[171.42  -2.72 -38.28   6.01]
[ 88.98  -2.46 -37.73   8.67]
[ 90.06  -2.18 -37.08  12.38]
[ 91.32  -1.9  -36.34  15.58]
[102.14  -1.66 -35.42  14.38]
[ 61.84  -1.41 -34.35  17.74]
[ 68.65  -1.24 -32.96  17.55]
[ 74.39  -1.05 -31.67  20.2 ]
[162.39  -0.89 -30.42  24.41]
[ 34.    -1.04 -29.82  44.75]
[ -1.76  -1.03 -28.77  50.74]
[ 36.88  -1.04 -28.26  50.7 ]
[ 44.71  -0.97 -27.74  55.64]
[ 54.59  -0.85 -27.39  57.63]
[ 53.56  -0.76 -27.05  50.62]
[ 57.62  -0.65 -26.89  47.74]
[ 61.4   -0.53 -26.83  44.27]
[ 65.12  -0.4  -26.9   40.19]
[ 68.89  -0.25 -27.09  35.47]
[ 72.89  -0.09 -27.41  30.03]
[ 37.63   0.08 -27.88  16.56]
[ 31.75   0.13 -28.8  -30.27]
[-58.43   0.15 -28.88 -26.34]
[-56.65   0.13 -29.03 -35.96]
[-51.71   0.06 -29.05 -40.92]
[-45.35  -0.05 -28.95 -43.26]
[-38.31  -0.21 -28.72 -43.22]
[-29.49  -0.37 -28.36 -36.69]
[-26.37  -0.54 -27.91 -28.67]
[ 24.6   -0.69 -27.92 -24.24]
[ 17.94  -0.79 -27.81  -9.46]
[ 38.75  -0.84 -27.7   12.25]
[172.26  -0.88 -27.92  18.03]
[ 94.15  -0.91 -28.17  21.42]
[ 95.17  -0.93 -28.34  26.49]
[ 94.82  -0.94 -28.43  31.11]
[ 93.78  -0.94 -28.45  35.38]
[ -0.28  -1.   -27.65  33.26]
[121.12  -0.98 -27.52  39.53]
[ 55.1   -0.91 -27.51  43.11]
[ 62.34  -0.81 -27.64  40.66]
[ 65.83  -0.7  -27.9   36.02]
[ 69.4   -0.57 -28.27  30.76]
[ 73.14  -0.43 -28.79  24.83]
[ 76.7   -0.27 -29.45  18.14]
[ 78.38  -0.09 -30.29  10.54]
[ 85.9    0.11 -31.33   1.82]
[ 47.64   0.35 -32.64 -16.84]
[-37.18   0.41 -32.84 -33.83]
[-59.38   0.41 -33.19 -50.68]
[-66.93   0.37 -33.43 -57.17]
[-62.96   0.28 -33.58 -61.99]
[-59.02   0.15 -33.65 -63.51]
[-5.78e+01  2.07e-02 -3.36e+01 -5.83e+01]
[-55.61  -0.11 -33.53 -52.35]
[-33.04  -0.23 -33.33 -44.97]
[ 45.45  -0.36 -33.04 -29.36]
[ 29.06  -0.42 -33.29 -21.03]
[ 22.12  -0.43 -33.51  -7.84]
[ 22.95  -0.42 -33.67  -1.96]
[ 22.73  -0.41 -33.74   2.52]
[ 78.05  -0.38 -34.19   5.42]
[ 79.97  -0.35 -34.57   8.53]
[ 79.87  -0.31 -34.89  11.43]
[ 79.63  -0.26 -35.13  14.03]
[ 77.73  -0.25 -35.22   7.42]
[ 76.39  -0.24 -35.25  11.  ]
[ 75.97  -0.22 -35.21  14.24]
[ 75.8  -0.2 -35.1  17.1]
[-20.55  -0.17 -34.74  20.03]
[ 15.68  -0.13 -34.29  20.04]
[ 1.27e+02  4.81e-02 -3.43e+01  3.06e+01]
[ 70.01   0.24 -34.49  21.08]
[ 62.47   0.48 -35.04   3.99]
[ 30.2    0.54 -35.35 -34.08]
[-51.27   0.5  -35.86 -41.92]
[-70.18   0.49 -36.01 -61.2 ]
[-72.03   0.42 -36.22 -67.77]
[-68.92   0.32 -36.36 -71.39]
[-65.41   0.18 -36.42 -70.34]
[-6.25e+01  4.51e-02 -3.63e+01 -6.46e+01]
[-59.38  -0.09 -36.04 -58.15]
[-39.88  -0.22 -35.71 -50.16]
[ 37.66  -0.35 -35.26 -33.96]
[-19.01  -0.43 -34.86 -21.72]
[-11.44  -0.54 -34.32 -19.45]
[ 38.39  -0.61 -34.36 -15.12]
[114.77  -0.66 -34.18   3.01]
[ 79.7   -0.65 -34.59   9.8 ]
[ 81.73  -0.63 -34.91  13.54]
[ 81.93  -0.6  -35.15  16.92]
[ 81.68  -0.55 -35.31  19.96]
[ 80.55  -0.51 -35.39  22.61]
[ 79.49  -0.45 -35.4   24.81]
[ 79.43  -0.39 -35.33  26.55]
[ 79.21  -0.32 -35.19  27.82]
[-10.41  -0.24 -34.72  29.18]
[ 18.77  -0.18 -34.24  25.95]
[ 5.93e+01 -3.84e-02 -3.40e+01  2.78e+01]
[ 70.21   0.14 -34.02  23.5 ]
[ 43.09   0.35 -34.32  15.  ]
[ 24.14   0.4  -34.38 -28.18]
[-42.09   0.42 -33.95 -24.06]
[-58.14   0.38 -33.83 -53.81]
[-55.19   0.28 -33.66 -60.61]
[-51.02   0.13 -33.38 -61.79]
[-4.67e+01 -2.28e-02 -3.30e+01 -5.57e+01]
[-41.9   -0.18 -32.54 -47.84]
[ -0.42  -0.33 -31.96 -38.09]
[ -2.33  -0.48 -31.36 -22.48]
[ -0.99  -0.62 -30.72 -13.14]
[  0.67  -0.75 -30.    -3.64]
[ 44.29  -0.83 -29.81   5.73]
[ 90.16  -0.85 -30.02  18.09]
[ 89.17  -0.84 -30.19  24.92]
[ 89.09  -0.83 -30.29  29.16]
[172.94  -0.82 -30.26  34.32]
[ 87.72  -0.8  -30.22  36.35]
[ 86.68  -0.77 -30.1   39.57]
[ -5.64  -0.73 -29.22  43.83]
[ 38.67  -0.7  -28.93  43.29]
[ 56.27  -0.57 -28.72  47.18]
[ 61.    -0.43 -28.63  43.29]
[ 65.75  -0.27 -28.67  36.03]
[ 70.86  -0.1  -28.91  30.54]
[ 76.48   0.09 -29.3   24.04]
[ 47.73   0.3  -29.9    8.81]
[ 34.62   0.34 -30.35 -27.51]
[-52.9    0.36 -30.36 -28.74]
[-61.02   0.33 -30.53 -47.61]
[-56.06   0.25 -30.58 -52.66]
[-50.39   0.13 -30.53 -55.08]
[-4.59e+01 -2.57e-02 -3.05e+01 -5.28e+01]
[-42.44  -0.18 -30.33 -45.98]
[ -2.7   -0.33 -30.07 -37.29]
[ -3.63  -0.47 -29.75 -22.39]
[ 46.21  -0.6  -29.85 -17.68]
[ 38.98  -0.67 -29.84  -3.54]
[ 31.24  -0.69 -29.79  10.23]
[ 80.02  -0.7  -30.12  14.15]
[ 85.65  -0.69 -30.41  18.4 ]
[ 85.88  -0.68 -30.63  22.47]
[ 85.94  -0.67 -30.79  26.24]
[168.34  -0.66 -30.83  30.25]
[ 84.39  -0.63 -30.86  32.59]
[-11.99  -0.64 -30.42  27.9 ]
[ 30.95  -0.64 -30.13  28.34]
[ 57.32  -0.51 -30.16  39.44]
[ 62.71  -0.37 -30.31  32.81]
[ 68.8   -0.22 -30.65  26.7 ]
[ 7.56e+01 -4.77e-02 -3.12e+01  1.95e+01]
[ 83.77   0.15 -31.89  10.93]
[ 53.38   0.38 -32.89  -7.8 ]
[-49.18   0.42 -33.24 -41.99]
[-61.76   0.43 -33.62 -52.77]
[-72.03   0.41 -33.89 -58.97]
[-71.53   0.33 -34.09 -64.7 ]
[-66.82   0.21 -34.17 -67.56]
[-64.35   0.08 -34.14 -64.74]
[-6.22e+01 -4.96e-02 -3.40e+01 -5.94e+01]
[-52.78  -0.18 -33.83 -52.69]
[ 13.52  -0.3  -33.52 -38.09]
[108.17  -0.36 -33.67 -24.87]
[ 20.49  -0.37 -33.97 -15.9 ]
[ 20.75  -0.37 -34.18 -11.2 ]
[ 20.57  -0.36 -34.3   -6.86]
[ 20.39  -0.34 -34.34  -2.4 ]
[ 25.2   -0.32 -34.33   2.06]
[ 77.21  -0.29 -34.68   4.93]
[ 78.81  -0.3  -34.87  -1.84]
[-14.79  -0.33 -34.14   7.  ]
[ 88.73  -0.38 -34.09   0.8 ]
[ 80.38  -0.37 -34.08  14.88]
[ 80.72  -0.3  -34.08  25.72]
[ 78.56  -0.29 -33.9   19.22]
[143.07  -0.27 -33.64  22.31]
[ 77.93  -0.24 -33.37  24.56]
[ 77.69  -0.2  -33.02  26.5 ]
[-26.32  -0.15 -32.    29.87]
[ 10.79  -0.13 -31.41  30.4 ]
[ 4.82e+01  2.54e-02 -3.10e+01  3.52e+01]
[ 43.28   0.2  -30.86  23.31]
[ 25.68   0.22 -30.43  -7.27]
[-48.46   0.17 -30.39 -26.02]
[-57.25   0.11 -30.23 -46.6 ]
[-5.25e+01  1.17e-03 -3.00e+01 -4.89e+01]
[-44.26  -0.15 -29.69 -48.8 ]
[-30.62  -0.31 -29.24 -42.2 ]
[-28.49  -0.47 -28.71 -33.48]
[-25.71  -0.62 -28.15 -25.07]
[-22.28  -0.78 -27.49 -16.38]
[ 28.7   -0.93 -27.19 -11.17]
[ 22.3   -1.02 -26.88   4.1 ]
[ 96.04  -1.05 -27.07  23.85]
[182.54  -1.07 -27.15  30.95]
[ 99.02  -1.08 -27.22  34.13]
[ 98.28  -1.08 -27.2   39.06]
[  6.    -1.07 -26.75  44.29]
[ 48.95  -1.03 -26.57  50.08]
[ 57.77  -0.94 -26.43  49.66]
[ 61.47  -0.84 -26.4   46.39]
[ 65.22  -0.74 -26.48  38.94]
[151.08  -0.63 -26.72  36.69]
[ 74.78  -0.5  -27.15  30.17]
[ 76.66  -0.35 -27.67  23.73]
[ 78.37  -0.2  -28.31  16.91]
[ 8.05e+01 -2.15e-02 -2.91e+01  9.60e+00]
[ 85.09   0.17 -30.12   1.11]
[ 56.9    0.4  -31.39 -17.17]
[-33.43   0.46 -31.51 -32.43]
[-58.99   0.44 -31.87 -48.58]
[-64.84   0.4  -32.1  -56.02]
[-61.11   0.32 -32.25 -60.96]
[-57.05   0.18 -32.32 -63.04]
[-5.59e+01  5.21e-02 -3.23e+01 -5.79e+01]
[-53.89  -0.08 -32.21 -52.06]
[-37.97  -0.21 -32.   -44.85]
[ 34.86  -0.33 -31.67 -29.53]
[ 29.83  -0.4  -31.93 -20.88]
[ 22.54  -0.41 -32.09  -7.6 ]
[ 23.16  -0.4  -32.2   -2.  ]
[ 22.99  -0.39 -32.22   2.56]
[ 76.15  -0.37 -32.6    5.56]
[ 80.29  -0.34 -32.98   8.79]
[ 80.41  -0.31 -33.32  11.83]
[ 80.21  -0.26 -33.58  14.6 ]
[ 88.65  -0.28 -33.65   8.32]
[150.33  -0.28 -33.65  12.6 ]
[ 78.21  -0.26 -33.64  15.77]
[ 78.13  -0.24 -33.54  18.83]
[-19.32  -0.21 -33.14  22.11]
[ 26.76  -0.18 -32.71  22.6 ]
[ 5.97e+01 -7.13e-03 -3.27e+01  3.04e+01]
[ 35.52   0.19 -32.91  22.26]
[ 66.78   0.41 -33.45   6.53]
[ 57.78   0.45 -33.76 -24.18]
[-49.13   0.43 -34.29 -38.59]
[-67.77   0.41 -34.51 -56.28]
[-67.55   0.34 -34.8  -62.22]
[-63.79   0.22 -35.02 -65.3 ]
[-59.02   0.08 -35.09 -64.31]
[-55.12  -0.07 -34.98 -58.16]
[-39.66  -0.21 -34.77 -50.34]
[ 36.21  -0.36 -34.44 -34.36]
[-15.27  -0.45 -34.14 -21.73]
[ -7.74  -0.57 -33.71 -19.71]
[ 41.74  -0.69 -33.63 -14.88]
[ 34.32  -0.75 -33.66  -0.89]
[ 30.99  -0.75 -33.7   12.66]
[ 82.57  -0.74 -34.12  16.28]
[ 83.79  -0.71 -34.46  20.01]
[ 83.98  -0.68 -34.71  23.43]
[164.43  -0.66 -34.81  27.73]
[ 82.23  -0.62 -34.9   29.08]
[ 81.91  -0.57 -34.87  31.48]
[ 82.2   -0.51 -34.76  33.24]
[-17.3   -0.5  -34.11  28.26]
[ 26.97  -0.48 -33.67  29.65]
[ 53.31  -0.34 -33.51  36.68]
[ 66.52  -0.16 -33.61  34.3 ]
[ 5.04e+01  1.84e-02 -3.38e+01  2.46e+01]
[ 46.6    0.22 -34.34  16.71]
[ 26.13   0.25 -34.74 -27.68]
[-62.46   0.27 -34.53 -22.59]
[-35.45   0.24 -34.27 -28.84]
[-31.17   0.16 -33.96 -33.25]
[-3.92e+01  7.46e-03 -3.39e+01 -5.04e+01]
[-34.7   -0.18 -33.79 -49.79]
[-29.98  -0.35 -33.5  -40.94]
[-26.85  -0.53 -33.11 -32.28]
[ 87.71  -0.71 -32.55 -13.48]
[ -1.16  -0.84 -32.06  -0.79]
[ 54.99  -0.99 -31.92  -0.87]
[ 51.37  -1.09 -31.69  14.61]
[ 95.17  -1.12 -31.94  27.1 ]
[ 96.28  -1.14 -32.1   32.03]
[ 96.47  -1.15 -32.16  36.62]
[ 96.07  -1.15 -32.14  40.81]
[  2.13  -1.15 -31.99  44.64]
[127.55  -1.1  -31.62  51.44]
[ 62.54  -0.99 -31.57  51.41]
[ 66.22  -0.88 -31.65  43.98]
[ 69.84  -0.75 -31.89  39.33]
[ 73.52  -0.62 -32.26  34.01]
[ 77.6   -0.46 -32.78  27.97]
[ 82.38  -0.29 -33.45  21.1 ]
[ 88.27  -0.1  -34.31  13.21]
[ 95.73   0.11 -35.38   3.94]
[ 52.95   0.37 -36.74 -15.83]
[-33.18   0.41 -36.93 -33.86]
[-62.12   0.39 -37.48 -53.89]
[-69.2    0.35 -37.89 -63.08]
[-65.77   0.26 -38.21 -67.86]
[-62.98   0.13 -38.47 -68.42]
[-6.25e+01  8.54e-03 -3.86e+01 -6.31e+01]
[-60.7   -0.12 -38.72 -57.09]
[-36.22  -0.24 -38.71 -49.71]
[ 43.09  -0.36 -38.6  -34.05]
[ 23.28  -0.42 -38.98 -25.71]
[ 19.43  -0.42 -39.34 -12.72]
[ 20.09  -0.41 -39.63  -7.3 ]
[ 22.21  -0.39 -39.81  -3.19]
[ 24.8   -0.37 -39.87   0.86]
[ 76.09  -0.33 -40.28   3.32]
[ 75.75  -0.29 -40.62   5.74]
[ 75.16  -0.24 -40.88   7.83]
[ 71.49  -0.23 -40.98   1.42]
[123.95  -0.23 -41.     5.01]
[ 69.43  -0.21 -41.     7.68]
[ 68.8   -0.18 -40.92  10.1 ]
[ 68.94  -0.14 -40.75  12.09]
[ 69.23  -0.1  -40.49  13.67]
[-24.43  -0.05 -39.51  16.56]
[-17.09  -0.05 -39.03  14.79]
[-31.82   0.08 -38.68   9.33]
[ 67.68   0.24 -38.66   6.31]
[ 80.24   0.48 -39.06   0.83]
[ 19.76   0.55 -39.88 -55.55]
[-65.78   0.55 -40.3  -53.84]
[-74.3    0.57 -40.35 -67.63]
[-83.66   0.54 -40.48 -75.4 ]
[-81.38   0.46 -40.49 -81.37]
[-77.66   0.34 -40.43 -83.58]
[-76.17   0.22 -40.29 -78.39]
[-74.87   0.11 -40.1  -72.42]
[-7.28e+01 -8.61e-03 -3.98e+01 -6.60e+01]
[-69.88  -0.12 -39.53 -58.95]
[-43.84  -0.23 -39.14 -50.16]
[ 36.41  -0.35 -38.61 -33.13]
[104.48  -0.35 -38.74 -20.92]
[ 14.41  -0.35 -38.76 -12.64]
[ 20.22  -0.34 -38.74  -6.05]
[ 20.99  -0.31 -38.66  -1.47]
[ 20.93  -0.29 -38.49   2.91]
[ 72.47  -0.24 -38.67   5.98]
[ 72.83  -0.19 -38.79   8.54]
[ 72.64  -0.13 -38.83  10.67]
[ 7.23e+01 -6.86e-02 -3.88e+01  1.23e+01]
[ 7.12e+01  7.19e-04 -3.87e+01  1.35e+01]
[ 1.75e+01  3.42e-02 -3.85e+01  6.92e+00]
[  8.     0.08 -38.19   9.11]
[-10.14   0.13 -37.86  10.83]
[-38.64   0.14 -37.4    4.96]
[-90.07   0.16 -36.28   3.16]
[ 46.68   0.13 -35.56   5.24]
[ 59.25   0.27 -35.17  12.93]
[ 26.95   0.47 -35.11  15.17]
[ 26.4    0.68 -35.25   0.11]
[ 22.85   0.55 -34.7  -37.47]
[-65.86   0.46 -34.01 -21.58]
[  9.82   0.39 -33.36 -26.55]
[-73.86   0.36 -32.77 -17.1 ]
[  7.16   0.28 -32.08 -20.81]
[-42.67   0.24 -31.42  -9.95]
[ 14.38   0.16 -30.64 -12.86]
[  9.77   0.13 -29.9   -2.6 ]
[-39.6    0.09 -29.05   4.98]
[ 6.46e+01  2.27e-02 -2.89e+01 -7.59e+00]
[ 4.83e+01 -3.67e-03 -2.80e+01  1.29e+01]
[ 1.15e+02 -3.80e-02 -2.78e+01  1.57e+01]
[ 1.23e+02 -6.62e-02 -2.75e+01  2.01e+01]
[ 1.38e+02 -8.92e-02 -2.71e+01  2.42e+01]
[ 1.57e+02 -1.08e-01 -2.67e+01  2.81e+01]
[ 9.55e+01 -5.81e-02 -2.60e+01  3.61e+01]
[ 30.83  -0.08 -25.39  12.38]
[  8.2   -0.08 -25.42  -4.87]
[-40.35  -0.08 -24.95   2.53]
[ 49.98  -0.11 -25.42 -11.14]
[-34.77  -0.14 -24.84  -0.84]
[-72.43  -0.23 -24.15  -3.2 ]
[-13.81  -0.35 -23.3   -0.81]
[-14.17  -0.53 -22.43  -5.11]
[ -3.58  -0.76 -21.43  -1.92]
[ 49.66  -0.97 -21.01   4.53]
[ 95.49  -1.13 -20.79  19.82]
[ 20.03  -1.22 -20.27  43.12]
[ 51.68  -1.25 -19.97  49.35]
[ 54.71  -1.23 -19.78  54.35]
[ 57.23  -1.21 -19.66  54.13]
[139.4   -1.2  -19.61  47.32]
[ 59.97  -1.19 -19.69  46.4 ]
[ 59.21  -1.16 -19.8   45.22]
[ 60.44  -1.12 -19.99  43.72]
[ 62.44  -1.08 -20.23  41.92]
[ 64.46  -1.02 -20.54  39.81]
[ 66.51  -0.96 -20.9   37.39]
[ 68.58  -0.89 -21.33  34.64]
[ 70.64  -0.82 -21.83  31.56]
[ 72.69  -0.73 -22.4   28.12]
[ 74.76  -0.64 -23.04  24.3 ]
[ 76.91  -0.53 -23.76  20.06]
[ 79.23  -0.41 -24.57  15.34]
[ 81.86  -0.28 -25.48  10.1 ]
[ 84.87  -0.14 -26.51   4.22]
[ 4.33e+01  2.88e-02 -2.77e+01 -9.72e+00]
[-36.     0.09 -28.21 -28.03]
[-51.08   0.1  -28.67 -36.35]
[-60.37   0.06 -28.96 -41.22]
[-5.71e+01 -1.88e-02 -2.91e+01 -4.57e+01]
[-52.    -0.14 -29.15 -47.5 ]
[-46.92  -0.3  -29.03 -45.07]
[ 66.93  -0.45 -29.29 -40.41]
[ 36.76  -0.54 -29.52 -23.08]
[ 28.71  -0.58 -29.77 -10.39]
[ 27.49  -0.6  -29.97  -4.28]
[ 27.63  -0.62 -30.08   0.44]
[ 77.19  -0.62 -30.57   3.92]
[ 78.25  -0.62 -30.98   7.64]
[ 85.17  -0.66 -31.28   1.33]
[ 85.19  -0.69 -31.49   6.19]
[ 89.63  -0.71 -31.66  11.  ]
[ 89.5   -0.73 -31.72  15.69]
[ 90.08  -0.74 -31.72  20.17]
[ -0.71  -0.75 -31.14  25.64]
[120.45  -0.75 -30.94  30.64]
[ 61.76  -0.65 -30.98  33.33]
[ 69.87  -0.51 -31.2   28.41]
[ 76.61  -0.35 -31.59  21.45]
[ 84.31  -0.17 -32.19  13.31]
[ 9.33e+01  3.95e-02 -3.30e+01  3.79e+00]
[ 81.3    0.29 -34.18  -8.94]
[-27.74   0.46 -34.6  -11.59]
[-45.28   0.54 -34.4  -41.46]
[-56.53   0.56 -34.26 -50.25]
[-65.64   0.56 -34.05 -58.75]
[-62.84   0.5  -33.77 -65.39]
[-59.05   0.39 -33.41 -68.96]
[-58.35   0.28 -33.   -64.74]
[-57.68   0.17 -32.53 -58.44]
[-56.03   0.06 -32.06 -51.79]
[-5.44e+01 -4.77e-02 -3.15e+01 -4.46e+01]
[-45.62  -0.15 -30.92 -35.93]
[ 61.7   -0.21 -30.79 -23.42]
[110.97  -0.25 -30.5   -6.58]
[ 25.45  -0.24 -30.36   2.27]
[ 77.52  -0.21 -30.59   6.78]
[ 78.29  -0.18 -30.76  10.35]
[ 78.31  -0.14 -30.87  13.63]
[ 78.33  -0.09 -30.91  16.54]
[ 7.75e+01 -3.66e-02 -3.09e+01  1.90e+01]
[ 7.62e+01  2.18e-02 -3.08e+01  2.10e+01]
[ 65.17   0.09 -30.67  22.46]
[ 39.9    0.16 -30.47  23.3 ]
[-106.95    0.19  -30.02   18.09]
[ -3.94   0.25 -29.43  12.83]
[ 63.55   0.35 -29.1   11.1 ]
[ 30.36   0.28 -28.54 -14.12]
[-24.88   0.26 -27.8   -7.1 ]
[-41.21   0.16 -27.42 -39.24]
[-3.83e+01  1.74e-02 -2.70e+01 -4.58e+01]
[-31.65  -0.16 -26.52 -42.9 ]
[-22.75  -0.34 -25.89 -33.32]
[-19.24  -0.52 -25.17 -23.96]
[-15.41  -0.7  -24.36 -14.98]
[-10.94  -0.88 -23.47  -5.69]
[ -5.67  -1.07 -22.51   3.61]
[ 92.65  -1.24 -22.36   7.6 ]
[ 88.66  -1.35 -22.24  22.68]
[113.59  -1.41 -22.22  43.67]
[198.72  -1.46 -22.06  51.39]
[ 18.52  -1.51 -21.6   56.21]
[ 53.78  -1.49 -21.3   62.75]
[ 63.53  -1.43 -21.08  66.08]
[ 66.65  -1.36 -20.95  63.36]
[ 69.51  -1.28 -20.9   60.4 ]
[ 72.22  -1.2  -20.93  57.12]
[ 74.77  -1.1  -21.06  53.31]
[ 76.13  -1.02 -21.25  45.03]
[156.99  -0.91 -21.6   42.05]
[ 78.75  -0.8  -22.12  35.28]
[ 79.69  -0.67 -22.7   28.6 ]
[ 82.88  -0.53 -23.39  21.93]
[ 86.9   -0.37 -24.2   14.6 ]
[ 92.27  -0.19 -25.16   6.85]
[ 9.95e+01  1.33e-02 -2.63e+01 -1.82e+00]
[-39.64   0.18 -26.53  -5.34]
[-42.76   0.26 -26.89 -32.24]
[-52.98   0.29 -27.15 -40.19]
[-62.59   0.27 -27.39 -45.64]
[-62.02   0.21 -27.61 -50.95]
[-57.65   0.1  -27.73 -53.64]
[-5.47e+01 -3.85e-02 -2.77e+01 -5.18e+01]
[-51.45  -0.17 -27.66 -46.19]
[ 33.44  -0.3  -27.84 -41.97]
[116.04  -0.37 -27.91 -20.59]
[ 25.84  -0.4  -28.11 -11.4 ]
[ 25.44  -0.42 -28.23  -6.67]
[ 25.46  -0.43 -28.28  -2.18]
[ 25.46  -0.44 -28.27   2.51]
[ 76.67  -0.43 -28.63   5.77]
[ 83.21  -0.47 -28.86  -0.74]
[ -5.65  -0.53 -28.13   9.51]
[ 93.4   -0.61 -28.13   2.77]
[ 91.03  -0.62 -28.21  17.87]
[ 87.54  -0.58 -28.3   30.88]
[ 89.67  -0.58 -28.21  24.29]
[ 89.06  -0.58 -28.08  28.16]
[ 89.48  -0.57 -27.9   31.66]
[-11.78  -0.55 -27.56  35.15]
[ 32.15  -0.51 -27.    36.55]
[136.48  -0.39 -26.76  44.61]
[ 62.23  -0.25 -26.71  36.29]
[ 70.06  -0.09 -26.84  30.18]
[ 78.74   0.1  -27.19  22.64]
[ 31.04   0.16 -27.94 -31.72]
[-58.3    0.2  -27.85 -28.52]
[-56.85   0.19 -27.82 -38.58]
[-52.96   0.14 -27.66 -43.58]
[-4.74e+01  3.40e-02 -2.74e+01 -4.60e+01]
[-39.58  -0.11 -27.03 -46.14]
[-28.54  -0.27 -26.54 -39.77]
[-25.4   -0.42 -25.98 -30.92]
[-23.    -0.57 -25.34 -22.45]
[-20.19  -0.72 -24.63 -13.93]
[ 30.76  -0.86 -24.28  -8.96]
[ 24.24  -0.95 -23.94   6.13]
[182.31  -0.99 -24.04  27.8 ]
[100.52  -1.01 -24.18  30.86]
[100.77  -1.02 -24.23  36.08]
[100.18  -1.03 -24.23  40.79]
[ 99.23  -1.03 -24.16  45.1 ]
[  3.96  -1.02 -23.72  49.77]
[ 50.9   -0.96 -23.47  55.27]
[ 59.72  -0.87 -23.28  54.02]
[ 64.06  -0.77 -23.22  47.17]
[ 68.48  -0.66 -23.31  42.42]
[154.88  -0.53 -23.51  39.33]
[ 79.88  -0.39 -23.92  31.42]
[ 82.32  -0.23 -24.44  23.46]
[ 8.35e+01 -5.17e-02 -2.51e+01  1.52e+01]
[ 4.13e+01  1.27e-02 -2.62e+01 -2.84e+01]
[-42.19   0.06 -26.35 -25.93]
[-24.27   0.06 -26.5  -26.7 ]
[-2.27e+01  2.90e-03 -2.66e+01 -3.14e+01]
[-15.84  -0.09 -26.53 -33.77]
[ -8.24  -0.23 -26.34 -33.89]
[  0.9   -0.38 -26.03 -27.76]
[ -5.9   -0.47 -25.7  -13.86]
[  2.79  -0.61 -25.26 -12.89]
[ 43.    -0.68 -25.29  -0.82]
[ 35.38  -0.69 -25.33  13.35]
[ 84.01  -0.7  -25.78  17.07]
[172.64  -0.71 -26.09  21.95]
[ 90.3   -0.71 -26.43  25.15]
[ 89.51  -0.7  -26.68  29.34]
[ 96.64  -0.73 -26.76  23.49]
[ 96.97  -0.75 -26.8   28.32]
[  0.1   -0.77 -26.25  34.25]
[ 45.81  -0.75 -26.13  40.7 ]
[ 61.62  -0.65 -26.16  41.8 ]
[ 66.71  -0.53 -26.34  36.83]
[ 71.93  -0.41 -26.69  30.99]
[ 77.48  -0.26 -27.21  24.29]
[ 82.79  -0.1  -27.9   16.62]
[ 35.86   0.09 -28.84   0.48]
[ 35.78   0.14 -29.99 -33.96]
[-59.59   0.15 -30.17 -31.23]
[-55.97   0.13 -30.42 -39.81]
[-54.94   0.06 -30.54 -44.8 ]
[-48.73  -0.05 -30.6  -47.25]
[-40.89  -0.21 -30.57 -47.42]
[-31.04  -0.36 -30.4  -40.94]
[-28.43  -0.52 -30.14 -33.42]
[-26.33  -0.67 -29.78 -25.59]
[-23.84  -0.82 -29.32 -17.43]
[ 26.63  -0.96 -29.21 -12.64]
[ 19.79  -1.05 -29.04   2.14]
[ 88.69  -1.07 -29.35  21.62]
[179.39  -1.09 -29.55  28.07]
[ 95.98  -1.11 -29.77  30.91]
[ 95.34  -1.11 -29.89  35.54]
[ 94.08  -1.1  -29.94  39.63]
[ 93.46  -1.09 -29.92  43.31]
[ -1.02  -1.07 -29.37  47.7 ]
[ 43.51  -1.04 -29.11  47.75]
[ 58.16  -0.95 -28.97  48.09]
[ 64.11  -0.84 -28.99  44.15]
[ 69.07  -0.72 -29.18  38.9 ]
[ 74.29  -0.58 -29.54  32.82]
[ 80.01  -0.43 -30.08  25.84]
[ 86.12  -0.26 -30.91  17.84]
[ 8.94e+01 -5.88e-02 -3.20e+01  8.70e+00]
[ 37.57   0.18 -33.42  -9.59]
[-28.91   0.25 -33.74 -27.27]
[-57.79   0.25 -34.29 -46.96]
[-61.95   0.2  -34.65 -54.17]
[-57.99   0.1  -34.85 -57.57]
[-5.24e+01 -4.24e-02 -3.50e+01 -5.78e+01]
[-45.55  -0.19 -34.98 -51.17]
[ -2.49  -0.34 -34.91 -43.  ]
[ -9.55  -0.47 -34.87 -28.99]
[ -8.81  -0.59 -34.74 -21.27]
[ -8.24  -0.71 -34.53 -13.29]
[ 41.43  -0.81 -34.86  -9.48]
[ 33.63  -0.85 -34.95   4.06]
[ 81.91  -0.83 -35.45  15.4 ]
[ 86.58  -0.81 -35.9   18.71]
[ 86.7   -0.77 -36.26  21.84]
[ 86.44  -0.73 -36.54  24.69]
[ 85.29  -0.68 -36.74  27.18]
[ 83.83  -0.63 -36.85  29.26]
[164.13  -0.57 -36.83  32.15]
[ -2.21  -0.51 -36.55  32.61]
[ 41.06  -0.44 -36.3   30.91]
[ 62.72  -0.27 -36.36  32.93]
[ 69.09  -0.1  -36.61  24.98]
[ 78.57   0.11 -37.1   17.32]
[ 51.78   0.35 -37.89  -0.59]
[-23.5    0.4  -37.62 -23.4 ]
[-64.65   0.35 -37.84 -55.55]
[-62.59   0.26 -38.02 -64.75]
[-58.72   0.13 -38.09 -66.81]
[-5.49e+01 -1.51e-02 -3.81e+01 -6.22e+01]
[-51.66  -0.16 -37.99 -55.08]
[-16.68  -0.3  -37.79 -46.36]
[-11.2   -0.43 -37.52 -31.41]
[-10.14  -0.55 -37.17 -22.9 ]
[ -9.41  -0.67 -36.69 -14.22]
[ 40.41  -0.77 -36.65  -9.72]
[ 36.14  -0.82 -36.48   4.06]
[ 82.24  -0.81 -36.83  15.75]
[ 83.12  -0.79 -37.1   19.34]
[164.05  -0.77 -37.23  24.5 ]
[ 82.96  -0.74 -37.37  25.52]
[ 82.19  -0.69 -37.41  28.2 ]
[ 81.05  -0.64 -37.37  30.27]
[ 80.86  -0.59 -37.25  31.87]
[ -7.55  -0.52 -36.58  34.1 ]
[ 36.02  -0.47 -36.24  32.59]
[ 58.19  -0.3  -36.12  35.62]
[ 64.28  -0.12 -36.16  28.5 ]
[ 72.29   0.08 -36.43  21.9 ]
[ 55.12   0.31 -36.94  12.49]
[ 67.     0.58 -37.77  -6.61]
[-26.2    0.61 -37.33 -29.89]
[-69.59   0.57 -37.52 -60.22]
[-67.64   0.5  -37.66 -70.88]
[-64.23   0.38 -37.68 -74.37]
[-63.31   0.26 -37.6  -70.07]
[-63.07   0.15 -37.46 -64.27]
[-6.20e+01  2.81e-02 -3.73e+01 -5.81e+01]
[-59.68  -0.09 -36.99 -51.41]
[-41.4   -0.2  -36.61 -43.13]
[ 30.49  -0.32 -36.11 -26.67]
[ 24.68  -0.37 -36.29 -18.26]
[ 18.61  -0.36 -36.31  -5.03]
[ 24.5   -0.34 -36.3    0.69]
[ 76.3   -0.31 -36.64   3.65]
[ 76.45  -0.27 -36.92   6.56]
[128.81  -0.23 -37.09  10.39]
[ 75.85  -0.17 -37.22  11.46]
[ 75.04  -0.11 -37.26  13.38]
[ 7.34e+01 -4.33e-02 -3.72e+01  1.48e+01]
[ 3.10e+01 -1.23e-02 -3.71e+01  8.34e+00]
[ 3.26e+01  2.57e-02 -3.69e+01  1.07e+01]
[-67.06   0.07 -36.42  12.9 ]
[-66.6    0.13 -35.92  11.49]
[-44.22   0.25 -35.67   6.02]
[ 80.01   0.41 -35.74   0.92]
[ 21.44   0.43 -35.71 -33.19]
[-47.43   0.45 -35.25 -28.96]
[-33.39   0.41 -34.69 -36.2 ]
[-33.75   0.34 -34.09 -41.22]
[-28.71   0.21 -33.43 -43.71]
[-2.16e+01  3.40e-02 -3.27e+01 -4.32e+01]
[-17.16  -0.14 -31.84 -33.29]
[ 17.13  -0.31 -30.87 -21.24]
[  3.13  -0.43 -29.99   0.98]
[ 90.29  -0.47 -30.    12.48]
[ 90.28  -0.5  -29.96  18.23]
[ 90.13  -0.51 -29.84  23.13]
[ 89.26  -0.52 -29.64  27.55]
[ -6.62  -0.53 -28.8   33.03]
[ 82.52  -0.55 -28.32  31.23]
[ 43.29  -0.49 -27.98  36.61]
[ 59.66  -0.37 -27.95  38.04]
[ 68.67  -0.21 -28.12  35.07]
[ 7.28e+01 -4.05e-02 -2.84e+01  2.96e+01]
[ 77.46   0.15 -28.8   23.26]
[ 32.1    0.2  -29.7  -33.47]
[-55.16   0.25 -29.76 -30.14]
[-58.69   0.23 -29.87 -40.08]
[-55.98   0.18 -29.86 -45.76]
[-50.35   0.07 -29.74 -48.77]
[-43.97  -0.09 -29.51 -49.35]
[-36.8   -0.25 -29.2  -43.1 ]
[ 20.8   -0.41 -28.74 -33.48]
[ 39.29  -0.51 -28.79 -16.78]
[ 31.56  -0.55 -28.81  -2.65]
[ 30.98  -0.57 -28.77   4.15]
[ 79.73  -0.59 -29.12   8.2 ]
[ 84.49  -0.59 -29.39  12.65]
[ 86.01  -0.59 -29.62  16.98]
[ 94.1   -0.64 -29.69  11.67]
[ 93.73  -0.67 -29.71  16.89]
[ 93.8   -0.7  -29.65  21.88]
[ -0.68  -0.72 -28.98  28.05]
[ 36.77  -0.73 -28.77  30.71]
[ 56.95  -0.63 -28.73  37.11]
[ 68.59  -0.49 -28.9   37.66]
[125.8   -0.35 -29.11  30.05]
[ 76.01  -0.2  -29.56  22.19]
[ 8.19e+01 -2.28e-02 -3.02e+01  1.47e+01]
[ 86.5    0.18 -30.98   6.1 ]
[ 55.7    0.41 -32.08 -12.58]
[-32.63   0.46 -32.07 -31.44]
[-60.94   0.45 -32.29 -50.64]
[-35.75   0.4  -32.36 -50.62]
[-32.22   0.3  -32.34 -54.77]
[-28.07   0.17 -32.24 -55.15]
[-2.64e+01  3.67e-02 -3.21e+01 -4.96e+01]
[-23.96  -0.09 -31.83 -43.32]
[ -4.04  -0.22 -31.54 -35.55]
[ 44.17  -0.35 -31.13 -26.58]
[ 31.73  -0.41 -31.23 -17.76]
[ 23.37  -0.42 -31.33  -4.3 ]
[ 23.41  -0.42 -31.38   1.89]
[ 75.04  -0.4  -31.8    5.18]
[ 80.61  -0.38 -32.11   8.68]
[ 81.19  -0.34 -32.36  12.02]
[ 81.03  -0.3  -32.54  15.11]
[ 79.9   -0.26 -32.66  17.87]
[ 79.71  -0.26 -32.63  11.32]
[ 79.7   -0.25 -32.55  14.98]
[136.54  -0.24 -32.36  18.67]
[-16.64  -0.22 -31.7   22.63]
[ 26.93  -0.22 -31.29  22.95]
[ 59.02  -0.06 -31.23  31.49]
[ 46.53   0.12 -31.36  24.04]
[ 56.68   0.33 -31.76   8.95]
[ 29.34   0.38 -31.92 -26.98]
[-52.11   0.34 -32.29 -36.03]
[-66.78   0.33 -32.37 -53.87]
[-65.53   0.27 -32.49 -59.34]
[-60.94   0.17 -32.51 -62.1 ]
[-5.50e+01  2.71e-02 -3.24e+01 -6.14e+01]
[-50.83  -0.11 -32.26 -55.  ]
[-25.02  -0.25 -31.97 -46.72]
[ 59.82  -0.39 -31.56 -30.16]
[-12.32  -0.48 -31.21 -18.12]
[ -4.61  -0.61 -30.73 -15.37]
[ 45.25  -0.7  -30.72 -10.68]
[ 37.96  -0.76 -30.58   3.56]
[ 81.65  -0.75 -30.92  15.63]
[ 85.06  -0.73 -31.23  19.81]
[ 85.75  -0.71 -31.46  23.75]
[ 85.6   -0.68 -31.65  27.37]
[ 84.65  -0.64 -31.75  30.59]
[ 84.33  -0.6  -31.76  33.36]
[165.55  -0.57 -31.64  36.37]
[ -6.52  -0.52 -31.01  38.68]
[ 35.01  -0.5  -30.64  35.92]
[ 53.15  -0.38 -30.47  37.91]
[ 59.8   -0.25 -30.48  33.56]
[ 66.56  -0.09 -30.7   28.02]
[ 74.04   0.09 -31.13  21.26]
[ 28.82   0.14 -32.1  -33.89]
[-50.98   0.17 -32.43 -32.61]
[-60.1    0.16 -32.63 -41.04]
[-59.91   0.11 -32.77 -46.41]
[-5.35e+01  1.43e-02 -3.28e+01 -4.93e+01]
[-45.83  -0.13 -32.72 -49.78]
[-20.2   -0.28 -32.51 -42.17]
[ -5.43  -0.42 -32.23 -27.07]
[ -4.39  -0.55 -31.86 -18.53]
[ -2.63  -0.68 -31.38  -9.75]
[ 46.99  -0.79 -31.36  -5.14]
[ 39.74  -0.85 -31.22   9.43]
[ 85.22  -0.85 -31.57  21.81]
[ 87.05  -0.84 -31.85  25.81]
[170.44  -0.83 -32.    30.91]
[ 87.16  -0.81 -32.14  32.85]
[ 86.42  -0.77 -32.18  36.06]
[ 86.34  -0.73 -32.13  38.63]
[ -0.87  -0.69 -31.76  41.25]
[ 42.47  -0.63 -31.44  40.9 ]
[ 53.24  -0.51 -31.27  41.03]
[ 58.75  -0.4  -31.22  34.96]
[143.96  -0.26 -31.38  32.49]
[ 74.37  -0.1  -31.81  24.96]
[ 80.32   0.08 -32.4   17.06]
[ 30.05   0.13 -33.43 -35.7 ]
[-57.95   0.16 -33.53 -32.33]
[-32.27   0.13 -33.66 -34.93]
[-29.12   0.06 -33.66 -39.95]
[-22.18  -0.05 -33.54 -42.29]
[-14.28  -0.2  -33.29 -42.23]
[ -4.41  -0.37 -32.91 -35.6 ]
[ -1.78  -0.53 -32.45 -27.43]
[  0.61  -0.69 -31.9  -18.97]
[ -2.54  -0.81 -31.31  -5.53]
[ 52.67  -0.96 -31.28  -5.51]
[130.96  -1.03 -30.95  14.09]
[ 92.44  -1.06 -31.19  22.  ]
[ 93.69  -1.07 -31.35  27.06]
[ 93.88  -1.08 -31.43  31.66]
[ 93.38  -1.08 -31.43  35.9 ]
[ 92.19  -1.07 -31.37  39.7 ]
[ -2.68  -1.05 -30.97  43.71]
[ 40.54  -1.01 -30.64  44.54]
[ 58.63  -0.89 -30.5   48.94]
[143.17  -0.79 -30.43  43.7 ]
[ 69.63  -0.66 -30.63  38.29]
[ 74.1   -0.51 -30.93  32.55]
[ 79.4   -0.34 -31.37  26.04]
[ 85.54  -0.14 -31.98  18.5 ]
[ 9.26e+01  7.03e-02 -3.28e+01  9.62e+00]
[ 76.01   0.32 -33.84  -2.17]
[-19.95   0.5  -34.15  -4.81]
[-40.18   0.57 -33.84 -32.89]
[-64.53   0.55 -34.01 -54.13]
[-66.59   0.51 -34.05 -62.48]
[-63.84   0.41 -34.   -67.25]
[-61.84   0.29 -33.87 -67.13]
[-61.25   0.17 -33.68 -61.8 ]
[-6.02e+01  5.14e-02 -3.34e+01 -5.59e+01]
[-59.03  -0.07 -33.14 -49.58]
[ -0.09  -0.17 -33.24 -44.96]
[ 69.27  -0.28 -33.22 -30.04]
[109.08  -0.32 -33.19 -14.17]
[ 20.2   -0.32 -33.27  -5.09]
[ 21.36  -0.31 -33.26   0.09]
[ 37.77  -0.29 -33.31   4.49]
[ 77.78  -0.26 -33.6    7.72]
[ 77.93  -0.22 -33.83  10.85]
[ 77.81  -0.17 -33.99  13.65]
[ 77.49  -0.12 -34.08  16.07]
[ 7.62e+01 -6.28e-02 -3.41e+01  1.81e+01]
[ 38.6   -0.06 -33.94  11.87]
[ 5.18e+01 -3.77e-02 -3.38e+01  1.48e+01]
[ 5.95e+01 -8.19e-03 -3.35e+01  1.72e+01]
[  0.11   0.08 -33.09  21.73]
[-20.18   0.25 -33.03  21.96]
[-27.37   0.44 -33.19   9.05]
[ 93.18   0.65 -33.65  -3.41]
[-28.11   0.5  -32.78 -28.09]
[-40.4    0.45 -32.33 -35.96]
[-36.92   0.36 -31.81 -41.01]
[-40.38   0.21 -31.42 -53.29]
[-3.48e+01  3.23e-02 -3.09e+01 -5.08e+01]
[-30.73  -0.14 -30.32 -41.7 ]
[-26.77  -0.31 -29.65 -32.7 ]
[  4.01  -0.49 -28.92 -17.19]
[ -3.    -0.6  -28.18  -0.4 ]
[ 55.51  -0.75 -27.76  -2.11]
[ 54.14  -0.85 -27.34  13.71]
[ 96.17  -0.88 -27.4   26.45]
[181.97  -0.92 -27.33  33.22]
[ 98.57  -0.94 -27.27  36.39]
[ 98.08  -0.95 -27.11  41.03]
[ 97.2   -0.95 -26.89  44.99]
[ 44.11  -0.89 -26.44  51.65]
[ 57.41  -0.79 -26.22  52.75]
[ 61.66  -0.7  -26.1   46.45]
[147.71  -0.58 -26.14  44.48]
[ 71.68  -0.44 -26.36  38.35]
[ 74.05  -0.29 -26.67  32.25]
[ 77.48  -0.13 -27.1   25.74]
[ 8.27e+01  5.34e-02 -2.77e+01  1.87e+01]
[ 36.25   0.11 -28.71 -31.46]
[-56.73   0.15 -28.82 -28.38]
[-56.14   0.14 -28.97 -37.45]
[-53.97   0.08 -29.03 -42.69]
[-4.78e+01 -2.13e-02 -2.90e+01 -4.54e+01]
[-40.9   -0.17 -28.76 -45.8 ]
[ -5.94  -0.31 -28.44 -38.16]
[ -3.31  -0.45 -28.06 -23.46]
[ -1.22  -0.58 -27.6  -15.21]
[ 48.39  -0.7  -27.8  -11.27]
[ 41.09  -0.76 -27.74   3.2 ]
[ 81.6   -0.77 -28.15  15.71]
[ 85.33  -0.76 -28.5   19.86]
[ 88.33  -0.75 -28.81  23.87]
[ 88.39  -0.73 -29.04  27.66]
[ 87.52  -0.7  -29.2   31.15]
[168.73  -0.68 -29.22  34.83]
[  0.57  -0.65 -28.91  37.59]
[ 41.44  -0.62 -28.69  34.42]
[ 59.72  -0.51 -28.71  36.46]
[ 65.19  -0.38 -28.88  31.55]
[ 70.89  -0.24 -29.22  25.7 ]
[ 7.72e+01 -7.69e-02 -2.97e+01  1.89e+01]
[ 84.49   0.11 -30.47  10.88]
[ 49.27   0.32 -31.43  -6.63]
[-29.71   0.36 -31.36 -24.61]
[-60.03   0.33 -31.62 -46.27]
[-58.38   0.26 -31.76 -54.09]
[-53.65   0.14 -31.79 -56.94]
[-4.81e+01 -1.04e-02 -3.17e+01 -5.61e+01]
[-44.73  -0.16 -31.55 -49.59]
[ -7.95  -0.31 -31.26 -41.25]
[ -4.84  -0.45 -30.92 -26.54]
[ -3.88  -0.58 -30.5  -18.22]
[ 45.78  -0.7  -30.46 -13.49]
[ 38.45  -0.76 -30.42   0.62]
[ 79.42  -0.77 -30.86  12.84]
[ 84.4   -0.76 -31.24  16.91]
[ 86.46  -0.75 -31.56  20.84]
[ 86.56  -0.72 -31.81  24.56]
[ 85.66  -0.69 -31.98  27.95]
[165.73  -0.67 -32.02  31.85]
[ 85.02  -0.63 -32.04  33.49]
[ -2.46  -0.58 -31.42  37.11]
[ 37.53  -0.57 -31.15  33.55]
[ 55.43  -0.45 -31.08  35.61]
[ 61.24  -0.31 -31.23  32.11]
[ 67.97  -0.14 -31.57  25.81]
[ 7.56e+01  5.21e-02 -3.21e+01  1.83e+01]
[ 65.25   0.27 -32.94   8.34]
[ 31.15   0.33 -33.71 -35.19]
[-56.82   0.34 -34.01 -36.73]
[-64.66   0.31 -34.29 -53.54]
[-63.75   0.25 -34.5  -59.12]
[-59.01   0.14 -34.64 -61.92]
[-5.36e+01 -8.90e-03 -3.47e+01 -6.08e+01]
[-49.96  -0.15 -34.66 -54.32]
[-14.98  -0.3  -34.5  -46.05]
[ 76.82  -0.44 -34.2  -29.35]
[-13.03  -0.54 -34.   -18.21]
[ -6.16  -0.66 -33.63 -15.17]
[ 43.72  -0.76 -33.81 -10.84]
[ 36.24  -0.82 -33.78   3.22]
[ 81.75  -0.82 -34.24  15.15]
[ 85.11  -0.81 -34.64  19.05]
[ 85.56  -0.79 -34.96  22.72]
[ 85.45  -0.76 -35.19  26.09]
[ 84.46  -0.73 -35.3   29.07]
[ 83.55  -0.68 -35.33  31.62]
[164.39  -0.64 -35.21  34.57]
[ -7.09  -0.59 -34.73  36.22]
[ 38.61  -0.54 -34.41  35.1 ]
[ 55.81  -0.41 -34.29  35.31]
[ 63.85  -0.25 -34.37  30.56]
[ 67.27  -0.07 -34.66  24.18]
[ 76.22   0.13 -35.18  16.3 ]
[ 50.04   0.37 -35.99  -1.78]
[ -0.41   0.43 -35.71 -15.86]
[-61.17   0.41 -35.98 -49.12]
[-39.38   0.35 -36.22 -54.69]
[-36.23   0.25 -36.38 -58.77]
[-30.92   0.11 -36.43 -59.76]
[-2.84e+01 -3.12e-02 -3.64e+01 -5.39e+01]
[-23.97  -0.16 -36.2  -46.81]
[ 12.95  -0.3  -35.93 -38.36]
[-20.39  -0.37 -35.71 -25.  ]
[-12.18  -0.49 -35.35 -24.11]
[ 37.56  -0.59 -35.5  -19.86]
[111.67  -0.63 -35.43  -1.43]
[ 27.3   -0.64 -35.49   7.42]
[ 80.03  -0.62 -35.89  10.96]
[ 81.06  -0.59 -36.22  14.41]
[ 81.11  -0.56 -36.46  17.59]
[ 80.92  -0.52 -36.62  20.42]
[ 79.87  -0.47 -36.71  22.83]
[ 78.66  -0.41 -36.71  24.8 ]
[ 78.96  -0.4  -36.56  18.45]
[-18.97  -0.38 -36.31  21.48]
[ 25.69  -0.34 -35.8   22.75]
[ 58.57  -0.18 -35.77  31.23]
[ 7.01e+01  2.51e-02 -3.60e+01  2.64e+01]
[ 13.18   0.22 -36.36  14.97]
[ 54.02   0.46 -37.09  -1.33]
[-26.56   0.45 -36.69 -31.93]
[-38.74   0.42 -36.36 -40.38]
[-36.7    0.34 -35.96 -46.14]
[-32.48   0.21 -35.47 -49.28]
[-2.61e+01  4.17e-02 -3.49e+01 -4.95e+01]
[-22.17  -0.13 -34.2  -40.89]
[  9.39  -0.3  -33.4  -29.52]
[ -2.83  -0.42 -32.62  -7.29]
[  6.91  -0.57 -31.73  -3.67]
[  0.36  -0.67 -30.88  13.01]
[ 94.97  -0.72 -30.84  18.73]
[ 91.16  -0.74 -30.8   28.35]
[ 91.31  -0.74 -30.67  32.6 ]
[175.97  -0.75 -30.41  37.33]
[ 91.74  -0.75 -30.14  39.6 ]
[ -6.14  -0.73 -29.18  44.31]
[ 33.91  -0.71 -28.68  42.78]
[ 47.61  -0.62 -28.3   48.04]
[ 68.13  -0.46 -28.27  48.64]
[ 73.41  -0.28 -28.38  44.12]
[ 7.81e+01 -7.62e-02 -2.86e+01  3.86e+01]
[ 39.14   0.14 -29.04  24.76]
[ 30.8    0.19 -29.96 -31.96]
[-57.43   0.21 -30.01 -28.12]
[-57.01   0.19 -30.16 -38.92]
[-54.9    0.13 -30.19 -44.49]
[-4.94e+01  1.88e-02 -3.01e+01 -4.74e+01]
[-43.28  -0.14 -29.9  -47.85]
[-34.31  -0.29 -29.58 -40.82]
[ 15.96  -0.44 -29.62 -36.42]
