[ -5.41 -13.5   -3.65  -6.82]
[ -4.99 -13.99 -23.27  -1.73]
[ -5.16  -8.16 -15.03  -3.76]
[ -5.33  -7.36 -10.26  -3.49]
[-5.49 -6.53 -5.56 -3.2 ]
[-5.64 -5.69 -1.01 -2.89]
[-5.78 -4.83  3.35 -2.57]
[-5.87 -3.17  7.43 -2.08]
[-6.46 -1.44 25.78 -1.06]
[-5.95 -1.07 13.36 -1.93]
[-6.54 -0.29 31.43 -1.52]
[-6.56e+00  2.11e-02  3.38e+01 -1.95e+00]
[-6.57  0.36 37.37 -2.23]
[-6.58  0.79 54.25 -1.46]
[-6.58  1.12 55.99 -1.83]
[-6.57  1.43 57.58 -2.28]
[-6.04  1.66 59.37 -1.71]
[-6.52  2.97 54.73  1.47]
[-6.98  3.18 18.37 -2.49]
[-5.88  2.22 28.21 -1.08]
[-6.35  2.9  29.43 -1.05]
[-6.28  3.15 30.42 -1.05]
[-6.2   3.43 39.54 -0.35]
[-6.14  4.11 27.99  0.86]
[-6.61  4.2  21.75  0.4 ]
[-40.38   3.6   18.39   0.55]
[-40.3    3.27  15.36  -0.3 ]
[-39.8    2.92  14.28  -0.12]
[-39.56   3.    13.65   0.41]
[-40.     3.55  14.98   0.06]
[-39.87   3.32  14.61  -0.3 ]
[-39.29   2.85  12.66   0.11]
[-39.37   3.23  13.41   0.33]
[-39.37   2.97  13.9   -0.19]
[-39.01  -4.93  13.76  -2.23]
[-38.48  -9.11 -31.15  -4.53]
[-38.31  -2.94 -31.1   -2.05]
[-38.4   -3.24 -29.86  -1.41]
[-39.21 -10.76 -28.73  -3.57]
[-38.74 -11.19 -26.35  -2.6 ]
[-38.96  -4.36 -23.98  -0.5 ]
[-39.18  -3.95 -20.1   -0.25]
[-3.94e+01 -3.48e+00 -1.59e+01  4.41e-03]
[-39.61  -3.   -11.52   0.23]
[-40.15  -2.41  -7.18  -0.14]
[-40.16  -2.18  13.18   1.14]
[-7.34 -1.02 18.72 -0.83]
[-6.36 -0.41 27.35 -0.48]
[-6.45e+00 -9.46e-03  3.09e+01 -6.08e-03]
[-7.05  0.24 34.12 -1.01]
[-7.12  0.35 47.85 -0.62]
[-7.17  0.44 17.09 -3.56]
[-7.2   1.05 34.44 -2.77]
[-7.19  1.96 36.43 -2.72]
[-6.62  2.72 37.32 -1.58]
[-7.06  3.95 38.8  -1.83]
[-6.98  4.11 37.11 -1.58]
[-6.87  4.53 36.98 -1.22]
[-6.76  4.64 35.84 -0.91]
[-40.48   4.57  28.35   0.54]
[-40.91   4.54  23.03   0.13]
[-40.81   4.16  22.58  -0.4 ]
[-40.14   3.91  21.14   0.14]
[-40.23   4.09  20.68   0.32]
[-40.42   4.16  20.49  -0.05]
[-40.21   3.79  19.42  -0.31]
[-39.63   3.41  17.62   0.21]
[-39.82   3.78  18.15   0.25]
[-3.97e+01  3.51e+00  1.83e+01 -1.70e-03]
[-39.55   2.96  18.23  -0.68]
[-39.32  -5.16  16.53  -1.86]
[-38.51  -9.31 -28.83  -3.3 ]
[-38.45  -9.68 -27.86  -2.56]
[-38.56  -9.97 -26.74  -1.92]
[-39.3  -10.09 -25.45  -1.99]
[-38.89 -10.57 -23.29  -1.13]
[-39.08 -10.51 -20.36  -0.78]
[-39.27 -10.07 -16.45  -0.44]
[-39.45  -2.41 -12.26   1.67]
[-40.66  -1.66  -8.89   0.15]
[-40.15  -9.37  -6.03  -1.84]
[-6.1  -9.01 14.94 -0.58]
[-6.75 -0.72 20.33  0.44]
[-7.24  0.04 25.47 -0.79]
[-6.36 -0.06 32.3  -0.18]
[-6.94  0.45 33.44 -0.73]
[-6.98  0.59 52.17  0.21]
[-7.38  0.73 17.78 -3.62]
[-6.47  1.07 33.41 -1.77]
[-6.95  2.61 35.61 -1.52]
[-6.86  3.59 36.87 -1.15]
[-6.73  4.59 37.79 -0.62]
[-6.6   4.83 35.81 -0.08]
[-6.45  5.02 33.94  0.37]
[-6.81  5.09 29.91  0.45]
[-40.53   4.55  26.08   0.47]
[-6.5   5.21 30.49 -0.18]
[-40.28   3.79  25.26  -0.78]
[-39.08   3.53  23.34   0.61]
[-39.77   4.65  26.02   0.63]
[-39.54   4.16  25.77   0.34]
[-5.2  -3.34 25.92 -2.07]
[-38.51  -9.4  -26.13  -4.48]
[-38.43  -2.94 -25.68  -2.  ]
[-38.55  -3.24 -24.4   -1.4 ]
[-39.27 -10.74 -23.26  -3.43]
[-38.91  -3.96 -20.83  -0.72]
[-39.12  -4.02 -17.95  -0.41]
[-39.33  -3.56 -13.67  -0.16]
[-39.53 -10.36  -9.38  -1.67]
[-39.73  -2.57  11.13   1.7 ]
[-7.11 -1.25 16.59 -0.27]
[-6.39 -0.68 25.04 -0.35]
[-6.24 -0.39 29.2   0.09]
[-6.85 -0.08 32.4  -0.82]
[-6.92 -0.09 35.74 -1.35]
[-6.99 -0.12 38.83 -1.89]
[-7.05 -0.14 41.71 -2.43]
[-6.59 -0.31 29.03 -3.12]
[-7.21 -0.61 39.46 -3.47]
[-7.15  3.31 32.47 -1.86]
[-40.89   4.56  24.57  -0.51]
[-40.81   4.56  24.1   -0.15]
[-40.72   4.6   23.12   0.21]
[-40.92   4.57  22.32   0.05]
[-40.89   4.35  21.37  -0.2 ]
[-40.52   4.17  20.18   0.12]
[-40.57   4.14  19.27   0.14]
[-40.65   3.96  18.4   -0.17]
[-4.03e+01  3.74e+00  1.73e+01  3.51e-03]
[-40.19   3.7   16.37   0.18]
[-40.32   3.64  15.85  -0.13]
[-40.02   3.46  15.08  -0.06]
[-3.98e+01  3.35e+00  1.53e+01 -3.12e-02]
[-39.6    2.93  15.05  -0.28]
[-39.01   2.3   14.51   0.31]
[-39.34   2.65  15.72  -0.04]
[-39.1    2.19  15.85  -0.31]
[-38.71  -5.7   15.28  -2.34]
[-38.23 -10.12 -34.9   -3.93]
[-38.14 -10.65 -34.05  -3.2 ]
[-38.26 -10.93 -32.78  -2.57]
[-39.02 -11.26 -31.59  -2.91]
[-38.6  -11.66 -29.2   -1.97]
[-38.81 -11.98 -26.81  -1.64]
[-39.03 -11.56 -22.91  -1.39]
[-39.23  -3.92 -18.71   0.64]
[-40.37  -3.07 -14.72  -0.77]
[-39.6   -3.87 -10.31  -0.55]
[-5.97 -3.16 -4.87 -0.71]
[-6.15 -2.66 -0.02 -0.44]
[-6.87 -2.32  3.43 -1.11]
[-7.   -1.29 26.03 -0.4 ]
[-7.09 -0.39 31.98 -0.95]
[-6.63 -0.26 36.4  -0.53]
[-7.23e+00  2.45e-03  3.90e+01 -1.52e+00]
[-7.29e+00  2.16e-02  4.23e+01 -2.02e+00]
[-7.35e+00  2.82e-02  4.62e+01 -2.45e+00]
[-7.39e+00  4.34e-02  5.01e+01 -2.86e+00]
[-6.91 -0.07 30.39 -4.04]
[-7.48  0.3  41.26 -4.46]
[-7.36  4.15 45.02 -3.54]
[-7.21  4.97 40.6  -2.  ]
[-7.07  5.03 40.22 -1.73]
[-6.94  4.94 33.6  -1.29]
[-6.81  5.06 31.9  -0.67]
[-6.67e+00  5.16e+00  3.01e+01 -4.61e-03]
[-40.36   5.04  27.26   1.15]
[-40.75   5.    25.44   0.86]
[-40.6    4.65  23.77   0.66]
[-40.45   4.36  22.39   0.54]
[-4.03e+01  3.98e+00  1.85e+01 -2.75e-02]
[-40.11   3.71  17.74  -0.24]
[-3.96e+01  3.53e+00  1.74e+01  2.51e-02]
[-39.51   3.27  17.36  -0.15]
[-39.26  -4.4   17.14  -1.92]
[-38.31  -5.92 -16.28  -2.87]
[-38.54  -9.47 -27.02  -3.91]
[-38.48 -10.   -26.37  -3.16]
[-38.59 -10.29 -25.23  -2.52]
[-39.26 -10.6  -24.14  -2.69]
[-38.93 -10.99 -21.85  -1.75]
[-39.12 -10.91 -18.89  -1.39]
[-39.31 -10.43 -14.86  -1.08]
[-39.48  -9.81   5.29   0.6 ]
[-40.34  -1.45  10.25   1.5 ]
[-6.92 -0.63 16.57 -0.38]
[-6.2  -0.7  22.28 -0.41]
[-5.98 -0.63 25.46  0.14]
[-6.32 -0.14 28.52  0.18]
[-6.71  0.13 31.44 -0.41]
[-6.24 -0.05 39.61  0.42]
[-7.23 -0.24 38.53 -1.06]
[-6.32 -1.02 30.57 -1.49]
[-6.93 -0.69 25.08 -3.22]
[-6.96  0.26 52.89 -1.82]
[-6.94  3.08 31.53 -1.48]
[-40.15   4.59  26.38   0.81]
[-41.1    5.13  24.89   0.8 ]
[-40.99   4.84  24.95   0.87]
[-40.88   4.26  16.6   -0.14]
[-40.58   3.94  15.48  -0.21]
[-40.19   3.81  14.35   0.25]
[-40.44   3.94  13.98   0.08]
[-40.33   3.64  12.99  -0.15]
[-40.     3.26  12.37  -0.11]
[-39.69   2.74  11.91  -0.18]
[-39.27   2.33  11.53   0.36]
[-39.67   2.66  12.6   -0.14]
[-39.29   2.01  12.45  -0.27]
[-38.71   1.41  12.01   0.33]
[-38.82   1.85  13.49  -0.11]
[-6.39 -6.42 -2.79 -3.36]
[-37.91 -10.02 -37.32  -3.41]
[-37.78 -10.63 -36.71  -2.65]
[-37.9  -10.91 -35.56  -1.99]
[-38.31 -11.22 -34.13  -1.4 ]
[-38.91 -11.21 -32.18  -1.29]
[-38.69 -11.66 -29.83  -0.66]
[-38.89 -11.22 -26.06  -0.33]
[-39.08  -3.58 -22.04   1.77]
[-40.3   -2.7  -18.51   0.26]
[-39.84 -10.51 -16.58  -1.84]
[-39.6   -3.44 -12.32   0.25]
[-6.32 -2.58 -7.49 -0.47]
[-6.11 -2.58 -2.83 -0.15]
[-6.27 -1.93 17.51  1.54]
[-7.45 -0.9  20.85  0.1 ]
[-7.03 -0.59 10.93 -2.37]
[-6.51 -0.42 31.91 -0.57]
[-6.56e+00  1.47e-02  3.47e+01 -1.33e-02]
[-7.13  0.47 38.07 -0.48]
[-7.16  0.62 55.45  0.35]
[-7.7   0.78 57.29 -1.03]
[-6.37  0.18 17.81 -3.59]
[-7.18  1.14 35.41 -2.69]
[-6.61  1.98 37.02 -1.64]
[-7.05  3.28 38.84 -1.9 ]
[-6.91  4.38 39.39 -1.46]
[-6.76  4.74 39.23 -1.05]
[-6.6   4.97 38.78 -0.63]
[-6.49  4.97 31.47  0.81]
[-40.73   4.8   23.66   0.98]
[-40.61   4.43  23.38   0.78]
[-40.48   4.02  21.01   0.23]
[-40.34   3.68  20.19  -0.15]
[-40.01   3.42  19.28  -0.12]
[-39.72   3.36  18.33   0.2 ]
[-39.82   3.44  19.4   -0.05]
[-39.58   2.86  19.34  -0.49]
[-38.69   2.22  17.7    0.4 ]
[-39.16   2.79  18.94   0.08]
[-6.67 -4.89 18.89 -2.17]
[-37.95  -9.83 -35.79  -3.68]
[-38.1  -10.48 -35.27  -2.89]
[-38.22 -10.78 -34.13  -2.21]
[-39.01 -11.12 -33.03  -2.49]
[-38.57 -11.56 -30.78  -1.53]
[-38.79 -11.82 -28.38  -1.18]
[-39.   -11.38 -24.55  -0.89]
[-39.2   -3.75 -20.51   1.19]
[-40.43  -2.86 -16.83  -0.35]
[-40.09  -3.55 -12.68  -1.01]
[-5.91 -3.61 -7.6  -1.15]
[-6.09 -3.01 12.91  0.49]
[-6.77 -1.79 18.24 -0.05]
[-6.36 -0.77 25.41  0.31]
[-6.88 -0.13 28.64 -0.09]
[-6.89 -0.15 31.79 -0.42]
[-6.5  -0.22 34.94  0.07]
[-7.08  0.16 37.41 -0.68]
[-7.12  0.24 47.24 -0.55]
[-7.16  0.35 58.42 -0.26]
[-6.94  0.41 17.82 -3.87]
[-7.18  0.84 24.3  -3.75]
[-6.54  4.46 33.12  0.32]
[-41.02   4.45  27.34   0.51]
[-41.26   4.25  26.53  -0.15]
[-40.96   3.91  25.52  -0.35]
[-40.37   3.82  24.23   0.39]
[-40.8    4.04  23.84   0.13]
[-40.82   3.64  22.72  -0.41]
[-40.14   3.41  21.35   0.18]
[-40.27   3.51  20.66   0.31]
[-40.4    3.41  20.04  -0.06]
[-40.19   3.21  19.42  -0.22]
[-39.77   3.15  18.99   0.13]
[-39.81   3.08  19.88  -0.05]
[-39.54   2.5   19.8   -0.58]
[-38.45   1.44  18.34   0.66]
[-5.42  2.54 20.42 -0.28]
[-6.6  -5.52 19.46 -1.91]
[-37.96 -10.24 -33.74  -3.26]
[-37.88 -10.6  -32.79  -2.53]
[-38.26 -10.9  -31.79  -1.86]
[-39.03 -11.1  -30.61  -1.98]
[-38.58 -11.55 -28.5   -1.1 ]
[-38.79 -11.84 -26.08  -0.78]
[-39.    -4.31 -22.1    1.25]
[-40.24  -3.4  -18.05  -0.35]
[-39.65 -11.42 -14.51  -2.36]
[ -5.74 -11.12  -9.2   -2.54]
[-5.93 -3.45 -4.3  -0.53]
[-6.11 -2.95  0.66 -0.29]
[-6.26 -1.89  6.91  0.03]
[-6.9  -0.83 27.82  0.21]
[-7.14 -0.25 32.41 -0.67]
[-6.51 -0.54 36.24 -0.27]
[-7.11 -0.21 38.88 -1.16]
[-7.17 -0.19 41.72 -1.72]
[-7.22 -0.19 44.33 -2.27]
[-7.27 -0.18 46.74 -2.83]
[-6.8  -0.32 49.08 -2.41]
[-7.38e+00 -9.54e-03  5.12e+01 -3.47e+00]
[-7.42e+00  3.18e-02  3.56e+01 -5.35e+00]
[-7.28  4.37 46.98 -3.79]
[-41.     4.55  31.92  -0.76]
[-40.92   4.57  27.3   -0.76]
[-40.82   4.63  24.9   -0.32]
[-40.28   4.77  23.79   0.96]
[-41.13   5.37  23.97   0.48]
[-4.10e+01  4.85e+00  2.26e+01 -2.43e-02]
[-40.84   4.33  21.16  -0.43]
[-40.11   3.96  19.22   0.33]
[-40.46   4.3   19.11   0.28]
[-4.05e+01  4.09e+00  1.82e+01 -3.45e-02]
[-40.26   3.68  16.95  -0.29]
[-39.74   3.56  16.03   0.26]
[-39.91   3.53  16.52  -0.24]
[-39.37   2.78  16.03  -0.08]
[-39.08   2.51  16.09   0.25]
[-39.3    2.65  17.02  -0.2 ]
[-38.97  -5.23  16.64  -2.19]
[-38.32  -9.93 -33.93  -4.02]
[-38.22 -10.53 -33.28  -3.27]
[-38.34 -10.8  -32.09  -2.62]
[-39.11 -11.11 -30.93  -2.9 ]
[-38.66 -11.53 -28.67  -1.96]
[-38.87 -11.69 -26.16  -1.61]
[-39.06 -11.23 -22.34  -1.34]
[-39.25  -3.59 -18.3    0.73]
[-40.47  -2.72 -14.59  -0.82]
[-39.59 -10.81 -10.3   -2.35]
[-5.94 -2.93 -5.04 -0.7 ]
[-6.11 -2.42 -0.37 -0.4 ]
[-6.79 -1.65 19.35  0.35]
[-7.16 -0.82 25.11 -0.67]
[-6.43 -0.21 31.94 -0.25]
[-7.01  0.25 34.54 -0.81]
[-7.06  0.34 48.1  -0.38]
[-7.09  0.44 56.14 -0.36]
[-7.12  0.5  19.01 -3.73]
[-7.12  1.14 36.19 -2.84]
[-6.56  1.92 37.65 -1.81]
[-7.01  3.14 39.27 -2.12]
[-6.89  4.12 40.18 -1.71]
[-6.74  4.71 40.24 -1.26]
[-6.59  4.9  39.63 -0.85]
[-6.47  4.92 31.47  0.23]
[-40.48   4.86  26.39   1.05]
[-40.55   4.67  23.32   0.42]
[-4.04e+01  4.29e+00  2.23e+01 -3.43e-03]
[-40.25   3.94  21.39  -0.43]
[-39.51   3.73  20.01   0.31]
[-39.82   4.21  20.83   0.22]
[-39.18  -6.28  -1.62  -1.14]
[-38.84  -7.53 -26.63  -2.25]
[-38.93  -7.84 -26.    -1.46]
[-39.74  -7.63 -24.99  -1.12]
[-39.17  -8.27 -23.38  -0.26]
[-39.31  -0.88 -21.33   2.05]
[-39.94  -7.4  -19.31  -0.58]
[-39.56  -7.86 -16.75  -0.13]
[-40.2   -0.1    1.85   2.29]
[-4.05e+01 -6.44e+00  4.15e+00 -3.51e-02]
[-4.01e+01 -5.68e+00  9.48e+00  2.94e-02]
[-40.31   1.7   11.92   1.63]
[-40.84   1.93  29.8    1.82]
[-40.82   1.57  32.34   0.67]
[-6.97  1.41 35.51 -0.89]
[-5.9   0.54 36.89 -0.06]
[-5.89  1.03 39.14  0.78]
[-6.96  1.05  6.94 -2.8 ]
[-5.88  1.28 20.31 -0.79]
[-5.81  2.9  23.59  0.65]
[-6.69  4.22 25.92  0.42]
[-6.62  4.02 24.95 -0.06]
[-6.42  3.84 24.05 -0.35]
[-39.66   3.6   22.58   0.67]
[-39.96   4.14  23.17   0.58]
[-39.75   4.01  22.45   0.46]
[-39.22  -3.75  22.57  -1.48]
[-38.78  -8.62 -24.46  -3.84]
[-38.6   -9.16 -23.89  -3.07]
[-38.7   -9.42 -22.94  -2.41]
[-39.47  -9.56 -21.9   -2.54]
[-39.22  -9.93 -19.91  -1.75]
[-39.17 -10.29 -17.63  -1.21]
[-39.36  -9.89 -13.74  -0.91]
[-39.54  -2.22  -9.42   1.16]
[-40.76  -1.49  -5.75  -0.42]
[-6.38 -9.06 -0.72 -2.84]
[-40.54  -8.68  -7.83  -2.5 ]
[-40.81  -8.03   9.79  -1.73]
[-40.32  -7.05  16.16  -1.23]
[-40.92   0.94  20.51  -0.41]
[-40.98   1.08  39.38   0.56]
[-7.72  1.44 42.91 -1.19]
[-6.72  0.78 46.09 -0.57]
[-7.25  2.26 28.39 -2.11]
[-6.69  3.08 29.86 -0.9 ]
[-7.15  4.03 31.28 -1.16]
[-7.08  4.14 30.27 -0.88]
[-7.    4.25 29.18 -0.56]
[-40.75   4.08  25.44   0.26]
[-4.10e+01  4.19e+00  2.46e+01 -2.79e-02]
[-40.87   3.9   23.01  -0.22]
[-40.48   3.83  21.73   0.21]
[-40.68   4.02  20.92   0.14]
[-40.76   3.93  19.92  -0.28]
[-4.02e+01  3.57e+00  1.80e+01  2.63e-02]
[-40.17   3.71  16.96   0.33]
[-40.32   3.9   16.58   0.17]
[-40.14   3.73  16.48  -0.06]
[-39.88   3.19  16.38  -0.5 ]
[-38.99   2.52  15.04   0.37]
[-39.41   3.08  16.41   0.17]
[-38.96  -7.18 -10.07  -1.71]
[-38.55  -9.02 -31.97  -2.7 ]
[-39.25  -9.22 -31.43  -2.6 ]
[-38.77  -9.67 -29.99  -1.56]
[-39.26  -9.69 -28.34  -1.22]
[-39.09 -10.   -26.22  -0.58]
[-39.26  -9.51 -23.02  -0.16]
[-39.43  -1.85 -19.63   2.03]
[-40.62  -1.1  -16.99   0.6 ]
[-40.06  -8.91 -13.64  -2.08]
[-39.85  -9.25  -9.96  -1.79]
[-39.99  -1.57  -5.97   0.41]
[-6.9  -0.7  -2.01 -0.6 ]
[-6.42 -0.89  2.69 -0.21]
[-7.04  0.17 22.99  0.08]
[-7.07  1.16 36.35  0.44]
[-7.61  1.53 46.42 -0.18]
[-7.4   1.17 49.35 -1.07]
[-6.55  0.73 52.23 -0.41]
[-6.56  1.24 54.4   0.31]
[-7.07  1.85 17.94 -2.78]
[-7.01  2.95 35.02 -1.49]
[-6.93  3.51 35.66 -1.23]
[-6.83  3.73 35.46 -0.97]
[-6.73  3.95 35.13 -0.68]
[-6.62  4.15 34.68 -0.35]
[-6.50e+00  4.35e+00  3.41e+01  2.05e-02]
[-6.41  4.58 33.62  0.36]
[-6.79  4.42 30.89 -0.37]
[-6.17  4.28 30.05  0.06]
[-6.13  4.55 29.59  0.37]
[-6.33  4.9  30.11  0.09]
[-6.14  4.79 29.82 -0.17]
[-5.75  4.64 29.1  -0.03]
[-5.41 -2.44 29.29 -1.55]
[-38.75  -8.16 -20.23  -3.52]
[-38.61  -8.79 -19.62  -2.78]
[-38.72  -9.08 -18.49  -2.14]
[-39.44  -9.32 -17.44  -2.38]
[-39.04  -9.75 -15.06  -1.43]
[-39.23  -9.63 -11.95  -1.07]
[-39.43  -9.65  -8.49  -0.79]
[-6.32 -1.73 -3.43 -0.3 ]
[-6.5  -8.79 16.18 -1.38]
[-6.63 -7.9  23.31 -1.98]
[-6.71  0.06 29.77 -0.8 ]
[-6.79  0.05 35.89 -1.1 ]
[-6.81  1.87 27.62 -1.2 ]
[-40.09   2.73  27.12   1.18]
[-41.05   4.8   23.93   0.55]
[-40.96   4.41  22.3    0.08]
[-41.16   3.86  18.86  -0.76]
[-40.03   3.42  15.28   0.06]
[-40.02   3.74  14.59   0.85]
[-40.58   4.31  15.33   0.56]
[-40.44   4.03  14.5    0.25]
[-40.28   3.83  13.98   0.05]
[-40.11   3.44  13.57  -0.23]
[-39.61   2.74  12.78  -0.22]
[-39.16   2.44  12.23   0.39]
[-39.59   2.84  13.51  -0.1 ]
[-39.27   2.24  13.47  -0.34]
[-38.56   1.5   12.75   0.36]
[-38.72   2.02  14.24  -0.06]
[-6.39 -6.19 -2.06 -3.43]
[-37.9   -9.73 -37.87  -3.59]
[-37.73 -10.74 -37.93  -2.9 ]
[-37.8  -11.05 -36.68  -2.25]
[-37.96 -11.34 -35.13  -1.7 ]
[-38.4  -11.67 -33.3   -1.21]
[-38.59  -4.44 -30.57   0.92]
[-39.2  -10.82 -28.52  -1.13]
[-38.95 -11.   -24.95  -0.8 ]
[-39.15 -10.94 -21.61  -0.48]
[-39.34  -3.29 -17.25   1.59]
[-40.56  -2.45 -13.74   0.06]
[-6.89 -2.69 -8.88 -1.95]
[ -6.02 -10.9   -4.27  -3.52]
[ -6.19 -10.26  16.29  -1.83]
[-6.32 -1.89  6.9  -1.01]
[-6.4  -0.41 28.35  0.78]
[-7.52  0.33 30.55 -0.65]
[-6.7  -0.13 48.17  0.6 ]
[-7.61  0.33 45.75 -1.2 ]
[-6.59 -0.25 55.51 -0.15]
[-6.64  0.08 22.09 -2.39]
[-7.2   0.74 33.36 -2.26]
[-7.19  1.46 35.57 -2.38]
[-7.14  2.43 37.46 -2.25]
[-7.05  3.42 38.79 -1.97]
[-6.93  4.31 38.85 -1.61]
[-6.81  4.43 37.76 -1.17]
[-6.68  4.62 37.35 -0.83]
[-6.57  4.74 30.73  0.58]
[-40.83   4.81  19.71   0.93]
[-40.72   4.18  20.12   0.43]
[-40.61   3.69  19.01  -0.08]
[-40.39   3.34  17.91  -0.38]
[-39.76   3.17  16.7    0.34]
[-40.16   3.72  17.83   0.19]
[-39.81   4.24  22.65   0.38]
[-39.81   3.01  18.02  -0.59]
[-38.81   2.46  15.84   0.49]
[-3.94e+01  3.16e+00  1.75e+01  1.15e-02]
[-39.2    2.64  17.44  -0.47]
[-6.84 -5.34 16.17 -2.1 ]
[-37.96  -9.85 -35.35  -3.67]
[-37.83 -10.5  -34.82  -2.92]
[-38.22 -10.81 -33.75  -2.23]
[-39.02 -11.13 -32.63  -2.51]
[-38.56 -11.58 -30.38  -1.58]
[-38.77 -11.71 -27.82  -1.23]
[-38.97 -11.26 -23.92  -0.94]
[-39.16  -3.62 -19.8    1.14]
[-40.38  -2.73 -16.06  -0.4 ]
[-39.84 -10.81 -12.7   -2.45]
[ -5.86 -10.59  -7.49  -2.6 ]
[-6.04 -2.8  13.08  0.8 ]
[-7.23 -1.74 17.1  -0.72]
[-6.25 -1.02 25.64 -0.34]
[-6.32 -0.47 29.33  0.16]
[-6.91  0.06 32.03 -0.29]
[-6.97  0.07 37.75 -0.55]
[-6.49e+00 -3.43e-02  4.37e+01  1.79e-01]
[-7.07  0.28 45.19 -0.82]
[-7.11  0.45 58.86 -0.34]
[-7.11  1.06 36.05 -2.47]
[-7.08  1.96 37.78 -2.41]
[-7.01  2.88 38.96 -2.2 ]
[-6.94  3.03 37.98 -1.96]
[-6.84  3.98 38.77 -1.57]
[-6.7   4.69 38.97 -1.12]
[-6.55  4.85 43.06 -0.39]
[-6.43  4.95 31.5   0.53]
[-40.65   4.99  25.28   0.67]
[-40.51   4.49  24.72   0.18]
[-40.36   4.09  22.81  -0.44]
[-39.61   3.61  22.31   0.32]
[-39.61   4.61  25.75   0.91]
[-39.84   4.1   22.54   0.37]
[-39.64   3.84  22.04   0.18]
[-39.06  -3.77  21.85  -1.48]
[-38.63  -9.07 -26.24  -4.31]
[-38.53  -9.7  -25.71  -3.56]
[-38.65 -10.   -24.59  -2.92]
[-39.36 -10.3  -23.47  -3.14]
[-38.97 -10.72 -21.2   -2.19]
[-39.16 -10.59 -18.24  -1.83]
[-39.38 -10.62 -15.    -1.57]
[-39.57  -2.83   5.27   1.83]
[-40.79  -1.74   9.69   0.26]
[-7.07 -1.15 16.77 -1.73]
[-6.11 -1.3  22.77 -1.32]
[-6.2  -0.91 26.31 -0.84]
[-6.29 -0.52 29.75 -0.37]
[-6.9  -0.1  33.14 -1.08]
[-6.97 -0.12 36.36 -1.6 ]
[-7.04 -0.14 39.37 -2.12]
[-7.16 -1.01 40.5  -2.84]
[-6.74 -1.14 26.09 -3.74]
[-7.36 -0.56 40.03 -4.  ]
[-7.26  3.77 35.38 -2.83]
[-7.14  4.87 33.78 -1.89]
[-40.86   4.75  28.35  -0.53]
[-4.08e+01  4.82e+00  2.45e+01 -5.64e-03]
[-40.66   4.89  23.29   0.61]
[-41.08   4.81  21.7    0.2 ]
[-40.97   4.37  19.41  -0.4 ]
[-40.32   4.12  17.98   0.18]
[-40.46   4.28  17.37   0.29]
[-4.06e+01  4.21e+00  1.67e+01 -2.24e-02]
[-40.4    3.84  15.56  -0.29]
[-39.87   3.61  14.42   0.17]
[-39.99   3.57  14.6   -0.1 ]
[-39.68   2.98  14.4   -0.33]
[-39.01   2.3   13.7    0.4 ]
[-39.48   2.8   15.09  -0.07]
[-39.19   2.24  15.13  -0.38]
[-39.06  -5.84  14.29  -2.54]
[-38.3  -10.21 -34.91  -4.23]
[-38.21 -10.63 -34.06  -3.47]
[-38.33 -10.9  -32.94  -2.84]
[-39.12 -11.18 -31.78  -3.06]
[-38.66 -11.6  -29.62  -2.12]
[-38.86 -11.56 -26.94  -1.76]
[-39.08 -11.62 -23.97  -1.48]
[-39.3   -3.98 -19.94   0.55]
[-40.32  -3.19 -16.07  -0.62]
[-39.69  -3.81 -11.73  -0.4 ]
[-39.88  -3.33  -7.09  -0.14]
[-6.24 -2.61 -1.63 -0.29]
[-6.95 -2.02  2.53 -0.98]
[-7.07 -0.99 25.01 -0.24]
[-7.15 -0.17 30.93 -0.79]
[-7.22 -0.18 34.4  -1.32]
[-7.28 -0.2  37.65 -1.84]
[-6.82 -0.34 40.91 -1.41]
[-7.41 -0.05 43.57 -2.41]
[-7.47e+00 -2.63e-02  4.63e+01 -2.94e+00]
[-7.51e+00 -2.81e-02  4.87e+01 -3.48e+00]
[-7.56e+00 -2.36e-02  5.10e+01 -4.02e+00]
[-7.08 -0.16 36.21 -4.84]
[-7.5   4.25 46.17 -4.02]
[-7.35  4.98 41.48 -2.39]
[-7.25  4.77 39.04 -2.4 ]
[-7.12  4.87 37.91 -2.  ]
[-40.31   4.84  28.9    0.48]
[-40.88   5.34  21.25   0.66]
[-41.15   5.15  21.38   0.25]
[-41.03   4.67  19.92  -0.2 ]
[-40.63   4.1   18.07  -0.11]
[-40.37   4.02  16.87   0.31]
[-4.06e+01  4.18e+00  1.66e+01  3.89e-02]
[-40.5    3.81  15.43  -0.22]
[-40.06   3.55  14.32   0.07]
[-4.00e+01  3.36e+00  1.44e+01 -3.93e-03]
[-39.89   2.89  14.34  -0.5 ]
[-38.98   2.1   12.97   0.51]
[-39.63   2.84  14.67   0.05]
[-39.42   2.3   14.81  -0.46]
[-38.52   1.31  13.69   0.33]
[-38.63   1.85  15.07   0.09]
[-5.76 -5.59  0.87 -2.24]
[-37.8  -10.33 -37.37  -3.59]
[-37.68 -11.17 -37.37  -2.82]
[-37.8  -11.44 -36.2   -2.18]
[-38.56 -11.73 -35.    -2.37]
[-38.4  -12.18 -32.93  -1.45]
[-38.61 -12.22 -30.25  -1.1 ]
[-38.83 -12.3  -27.17  -0.85]
[-39.04  -4.66 -22.89   1.16]
[-40.29  -3.75 -18.91  -0.45]
[-39.8   -4.53 -14.5   -0.9 ]
[-5.8  -4.37 -9.13 -1.1 ]
[-5.99 -3.89 -4.16 -0.9 ]
[-6.18 -3.39  0.86 -0.66]
[-6.32 -2.17  7.43 -0.35]
[-6.95 -0.88 28.11  0.34]
[-7.42 -0.42 32.05 -0.98]
[-6.57 -0.93 36.16 -0.61]
[-7.16 -0.41 38.81 -1.14]
[-7.22 -0.41 41.62 -1.7 ]
[-7.28 -0.41 44.21 -2.27]
[-6.81 -0.55 46.77 -1.86]
[-7.39 -0.25 49.   -2.93]
[-7.43 -0.22 51.16 -3.5 ]
[-7.47 -0.2  36.21 -5.35]
[-7.35  4.02 46.99 -3.94]
[-7.21  4.83 40.89 -2.19]
[-7.06  4.93 40.69 -1.96]
[-6.91  5.02 39.8  -1.54]
[-6.75  5.14 42.74 -0.78]
[-39.91   5.1   30.46   1.46]
[-40.82   5.62  26.18   1.15]
[-40.62   5.83  29.14   0.84]
[-4.05e+01  4.48e+00  2.41e+01  2.28e-02]
[-40.31   4.05  22.99  -0.36]
[-39.67   3.84  21.75   0.22]
[-39.85   4.1   21.99   0.21]
[-3.97e+01  3.87e+00  2.18e+01  3.18e-02]
[-39.5    3.32  21.69  -0.52]
[-38.77  -7.81  -7.01  -1.79]
[-38.54  -9.07 -30.84  -2.97]
[-38.65  -9.37 -29.88  -2.25]
[-39.43  -9.49 -28.74  -2.26]
[-38.96 -10.03 -26.83  -1.35]
[-39.14  -9.73 -24.34  -0.9 ]
[-39.3   -9.34 -21.52  -0.47]
[-39.47  -1.69 -18.42   1.75]
[-40.66  -0.93 -15.97   0.35]
[-40.2   -8.54   1.83  -0.35]
[-39.83  -7.5    7.51   0.22]
[-40.41   0.86  11.63   1.71]
[-40.96   1.1   29.82   1.81]
[-40.97   0.74  32.73   0.56]
[-7.15  0.59 36.27 -1.09]
[-6.11 -0.27 38.23 -0.35]
[-6.13e+00 -2.15e-02  2.90e+01 -6.47e-01]
[-6.16e+00  3.87e-01  3.05e+01 -2.91e-02]
[-6.21  1.1   8.28 -1.06]
[-6.62  1.18  9.24 -1.41]
[-6.71  1.58 25.52 -0.46]
[-6.58  4.42 26.92  0.94]
[-6.98  4.7  26.32  0.46]
[-40.67   4.13  24.43   0.41]
[-4.05e+01  3.80e+00  2.33e+01 -2.63e-02]
[-40.36   3.5   22.08  -0.35]
[-39.73   3.31  20.7    0.24]
[-39.95   3.76  21.21   0.27]
[-39.81   3.54  21.24   0.06]
[-39.59   2.99  21.17  -0.54]
[-38.56   1.94  19.88   0.45]
[-5.14 -4.35 21.89 -2.05]
[-38.4   -9.57 -29.78  -3.63]
[-38.28 -10.17 -29.19  -2.9 ]
[-38.39 -10.43 -28.01  -2.27]
[-39.17 -10.71 -26.97  -2.55]
[-38.72 -11.11 -24.65  -1.59]
[-38.91 -11.09 -21.8   -1.24]
[-39.13 -11.14 -18.51  -1.  ]
[-39.33  -3.48 -13.94   1.02]
[-40.58  -2.67  -9.89  -0.61]
[ -6.05 -10.4   -4.34  -2.89]
[-6.08 -2.95  0.62 -0.89]
[-6.24 -1.95  6.98 -0.6 ]
[-6.89 -0.74 28.31 -0.22]
[-6.97 -0.17 33.46 -0.8 ]
[-7.04 -0.18 36.78 -1.36]
[-7.11 -0.2  39.87 -1.92]
[-6.66 -0.35 42.87 -1.51]
[-7.25 -0.06 45.49 -2.56]
[-7.31e+00 -3.68e-02  4.80e+01 -3.12e+00]
[-7.36 -0.05 33.1  -5.  ]
[-7.4   0.11 45.81 -4.7 ]
[-6.83  3.37 38.71 -2.32]
[-41.11   4.21  28.33  -1.48]
[-41.05   4.22  26.52  -1.16]
[-40.99   4.23  25.25  -0.87]
[-40.94   4.27  24.46  -0.58]
[-40.87   4.31  23.61  -0.28]
[-40.81   4.36  22.73   0.06]
[-40.8    4.39  21.85   0.28]
[-41.11   4.41  21.34  -0.19]
[-40.75   4.02  19.95  -0.13]
[-40.48   3.98  18.84   0.31]
[-4.08e+01  4.16e+00  1.86e+01 -2.88e-02]
[-40.67   3.77  17.26  -0.29]
[-40.16   3.51  15.72   0.24]
[-40.41   3.75  15.55   0.17]
[-40.4    3.59  14.78  -0.09]
[-40.16   3.3   13.77  -0.15]
[-3.98e+01  2.99e+00  1.34e+01  2.29e-02]
[-39.71   2.69  13.58  -0.25]
[-39.18   2.1   13.14   0.27]
[-39.45   2.36  14.26  -0.04]
[-39.22   1.91  14.41  -0.27]
[-38.36   1.3   13.99   0.21]
[-6.35  1.03 -1.29 -1.17]
[-6.52 -6.87 -2.26 -3.01]
[-37.81 -10.27 -36.26  -2.8 ]
[-37.71 -10.63 -35.18  -2.06]
[-37.83 -10.9  -34.    -1.43]
[-38.63 -11.19 -32.89  -1.72]
[-38.42 -11.65 -30.7   -0.75]
[-38.62 -11.67 -27.9   -0.39]
[-38.81 -11.21 -23.71  -0.1 ]
[-38.99 -10.73 -19.34   0.21]
[ -5.67  -2.72 -14.39   1.34]
[ -5.98  -9.68 -10.74  -1.61]
[ -5.65 -10.12  -6.44  -1.32]
[-5.82 -2.44 -1.82  0.77]
[-6.18 -9.28  1.22 -2.28]
[-6.03 -7.88 24.4  -0.54]
[-6.09  0.2  28.34  1.77]
[-7.18  0.86 39.53  1.23]
[-7.2   0.59 48.61  0.36]
[-7.2   0.27 50.88 -1.03]
[-5.99 -0.47 12.38 -3.49]
[-6.17 -0.13 21.8  -2.49]
[-6.18  0.34 23.57 -1.92]
[-6.71  1.16 40.77 -0.99]
[-6.69  1.41 40.25 -1.34]
[-6.56  4.09 23.11 -1.7 ]
[-6.48  3.62 26.99 -1.2 ]
[-5.83  4.86 29.81  1.81]
[-6.78  5.18 26.26  1.34]
[-6.65  4.82 25.26  0.86]
[-40.35   4.25  23.58   0.84]
[-40.21   3.93  22.65   0.46]
[-4.01e+01  3.61e+00  2.14e+01 -7.60e-03]
[-39.91   3.36  21.08  -0.36]
[-39.28   3.17  20.21   0.17]
[-39.39   3.44  21.31   0.2 ]
[-38.98  -4.24  21.35  -1.98]
[-38.47  -9.3  -29.13  -3.9 ]
[-38.37  -2.65 -28.36  -1.37]
[-38.5   -2.95 -27.2   -0.74]
[-39.25 -10.41 -26.11  -2.71]
[-38.84 -10.87 -23.83  -1.79]
[-39.03 -10.77 -20.89  -1.42]
[-39.23 -10.3  -16.95  -1.1 ]
[-39.41  -9.82 -12.82  -0.77]
[-39.58  -2.03   7.38   2.69]
[-40.77  -0.94  11.54   1.22]
[-7.02 -0.33 18.49 -0.68]
[-6.03 -0.51 24.22 -0.2 ]
[-6.09 -0.1  27.38  0.36]
[-6.74  0.45 30.17 -0.17]
[-6.71  0.51 48.92  0.76]
[-7.26  0.69 51.48 -0.62]
[-6.5   0.96 30.78 -1.99]
[-6.16  1.98 32.27 -0.82]
[-6.65  2.73 31.62 -0.77]
[-6.04  3.58 32.38  0.58]
[-6.81  5.2  34.05  0.48]
[-6.81  4.96 33.29 -0.05]
[-6.59  4.64 32.53 -0.44]
[-5.84  4.53 30.11  0.57]
[-6.31  5.04 30.35  0.28]
[-6.11  4.73 29.68 -0.05]
[-5.41 -2.96 29.28 -1.97]
[-38.87  -8.16 -16.21  -3.12]
[-38.78  -8.56 -15.22  -2.41]
[-38.9   -8.88 -14.13  -1.81]
[-39.54  -8.89 -12.67  -1.74]
[-39.2   -9.42 -10.47  -1.02]
[-39.4   -9.61   8.13   0.62]
[-6.48 -8.23 14.59 -0.87]
[-6.36 -0.36 22.01  0.29]
[-6.86 -0.08 26.45 -1.04]
[-39.76   1.38  19.6    0.55]
[-40.66   3.07  33.49   1.47]
[-40.77   1.98  16.42  -0.8 ]
[-39.7    2.44  17.44   0.59]
[-40.56   4.25  21.2    0.4 ]
[-40.5    3.95  20.49  -0.12]
[-40.22   3.62  19.52  -0.3 ]
[-39.7    3.53  18.44   0.31]
[-40.04   3.96  19.17   0.13]
[-39.89   3.73  18.56  -0.11]
[-39.58   3.38  17.72  -0.11]
[-39.26  -4.33  17.55  -2.  ]
[-38.7   -8.69 -28.19  -3.55]
[-38.56  -9.1  -27.37  -2.77]
[-39.31  -9.42 -26.87  -2.95]
[-38.8   -9.83 -25.19  -1.78]
[-38.98 -10.18 -23.56  -1.32]
[-39.18 -10.52 -21.2   -0.98]
[-39.38 -10.05 -17.47  -0.67]
[-39.57  -2.4  -13.53   1.42]
[-40.8   -1.67 -10.26  -0.12]
[-40.79  -2.06   9.62  -0.08]
[-6.52 -8.32 17.69 -2.48]
[-6.25 -0.48 23.38 -0.23]
[-6.33 -0.08 26.79  0.3 ]
[-6.92  0.19 29.85 -0.62]
[-6.98  0.27 41.49 -0.37]
[-7.03  0.36 51.85 -0.17]
[-7.07  0.41 17.43 -3.35]
[-7.08  0.97 33.94 -2.57]
[-6.58  0.91 32.29 -1.64]
[-7.09  2.1  34.88 -2.15]
[-6.99  3.84 38.81 -1.77]
[-6.91  3.91 37.06 -1.7 ]
[-6.26  4.71 37.01 -0.24]
[-6.65  5.02 40.01 -0.22]
[-40.34   4.93  29.59   0.96]
[-40.74   4.92  25.05   0.55]
[-40.6    4.55  24.55   0.12]
[-40.45   4.2   23.58  -0.32]
[-39.88   3.97  22.37   0.09]
[-39.87   4.08  21.86   0.26]
[-39.91   4.12  21.69   0.07]
[-39.7    3.83  21.17  -0.1 ]
[-39.    -6.99  -4.23  -1.46]
[-39.44  -8.42 -29.46  -3.85]
[-38.81  -8.82 -28.24  -2.39]
[-38.94  -9.14 -27.07  -1.71]
[-39.1   -9.51 -25.53  -1.17]
[-39.26  -2.02 -23.21   1.1 ]
[-40.45  -1.16 -20.95  -0.27]
[-39.98  -9.09 -18.6   -2.34]
[-39.71  -9.77 -16.09  -1.94]
[-39.88  -2.03   3.38   1.58]
[-41.06  -0.95   6.44   0.18]
[-41.09  -0.55  11.57  -1.13]
[-40.14  -0.64  16.97  -0.56]
[-6.38e+00 -1.25e-02  2.07e+01 -3.31e-01]
[-6.43  0.39 23.8   0.31]
[-7.    0.93 42.22  1.05]
[-7.56  1.09 45.   -0.25]
[-7.27  0.66 47.8  -0.97]
[-6.55  0.27 14.26 -2.94]
[-6.56  1.06 30.08 -1.19]
[-7.09  1.74 29.56 -1.3 ]
[-7.05  2.74 31.57 -1.01]
[-6.97  3.75 33.09 -0.58]
[-6.85  4.57 33.86 -0.06]
[-6.72  4.71 32.9   0.39]
[-7.11  4.88 32.36 -0.1 ]
[-6.81  4.43 30.93 -0.33]
[-6.22  4.35 29.85  0.34]
[-6.57  4.76 29.89  0.17]
[-6.25  5.37 33.12  0.37]
[-6.21  4.29 28.35 -0.41]
[-5.48  4.01 26.79  0.34]
[-5.76  4.39 28.26  0.2 ]
[-5.24 -3.43 27.6  -2.  ]
[-38.52  -2.25 -25.53  -2.03]
[-38.44  -2.61 -24.54  -1.31]
[-38.55  -2.88 -23.44  -0.68]
[-39.27 -10.3  -22.38  -2.64]
[-38.88 -10.71 -20.16  -1.71]
[-39.07 -10.7  -17.25  -1.37]
[-39.28 -10.49 -13.48  -1.11]
[-39.47  -2.81  -8.92   1.  ]
[-6.24 -9.26 -4.32 -2.5 ]
[-5.99 -9.61  0.05 -2.27]
[-6.69 -1.96 19.36  0.16]
[-6.82 -8.22 26.43 -2.22]
[-6.9  -0.17 32.66 -1.01]
[-6.96e+00 -3.47e-03  3.64e+01 -1.54e+00]
[-7.02e+00 -1.62e-02  3.96e+01 -2.05e+00]
[-7.08e+00 -2.76e-02  4.23e+01 -2.58e+00]
[-6.61 -0.18 45.04 -2.13]
[-7.19  0.15 31.15 -4.3 ]
[-7.21  0.4  45.53 -3.8 ]
[-7.1   4.5  32.56 -2.06]
[-40.84   4.88  23.36  -0.5 ]
[-40.79   4.3   20.15  -0.27]
[-40.35   4.44  19.05   0.79]
[-41.17   4.96  19.3    0.21]
[-41.09   4.43  18.14  -0.4 ]
[-40.43   3.89  16.32   0.09]
[-40.47   3.98  15.45   0.4 ]
[-40.82   4.07  15.06  -0.07]
[-40.6    3.57  13.69  -0.36]
[-40.02   3.47  12.58   0.35]
[-40.42   3.81  12.61   0.16]
[-40.31   3.47  11.55  -0.08]
[-40.09   3.13  11.21  -0.26]
[-39.55   2.42  10.51  -0.1 ]
[-39.26   2.19  10.41   0.37]
[-39.68   2.54  11.54  -0.17]
[-39.26   1.88  11.39  -0.25]
[-38.71   1.34  11.1    0.34]
[-38.85   1.8   12.73  -0.14]
[-38.5   -6.55  -3.6   -3.31]
[-37.99  -9.97 -36.02  -3.63]
[-37.83 -10.76 -35.7   -2.86]
[-38.22 -11.05 -34.57  -2.17]
[-38.37 -11.32 -33.01  -1.64]
[-38.54  -4.25 -30.98   0.56]
[-39.12 -11.29 -30.5   -1.39]
[-38.93  -4.24 -27.07   0.7 ]
[-39.58  -3.46 -24.38   0.3 ]
[-39.72  -3.36 -21.6   -0.06]
[-39.81  -3.32 -17.86  -0.33]
[-3.96e+01 -3.35e+00 -1.37e+01 -1.10e-02]
[-39.8   -2.85  -9.38   0.33]
[-6.62 -1.97 -4.82 -0.56]
[-6.28 -2.09 -0.02 -0.25]
[-6.43 -1.45 20.22  1.42]
[-7.60e+00 -4.18e-01  2.33e+01 -2.76e-03]
[-7.33  0.13 29.47 -0.82]
[-6.65  0.27 39.55  0.12]
[-7.22  0.89 52.19  0.61]
[-7.76  1.03 54.16 -0.74]
[-6.77  0.48 57.2  -0.27]
[-7.26  1.06 18.9  -3.59]
[-6.7   1.97 36.03 -1.48]
[-7.16  3.21 37.71 -1.79]
[-7.06  3.84 38.37 -1.48]
[-6.95  4.06 38.15 -1.2 ]
[-6.82  4.27 37.83 -0.89]
[-6.69  4.46 37.43 -0.55]
[-6.56  4.65 36.96 -0.17]
[-6.41  4.81 35.12  0.19]
[-6.81  4.7  33.39 -0.41]
[-6.1   4.62 30.06  0.74]
[-6.52  4.66 26.97  0.35]
[-6.36e+00  4.37e+00  2.68e+01  1.99e-02]
[-6.19  4.08 26.01 -0.29]
[-39.48   3.73  24.5    0.6 ]
[-39.61   4.1   24.7    0.46]
[-5.23 -3.46 25.15 -1.93]
[-38.56  -8.95 -26.07  -3.52]
[-38.47  -9.34 -25.08  -2.76]
[-38.59  -9.65 -23.97  -2.11]
[-39.3   -9.92 -22.94  -2.32]
[-38.91 -10.35 -20.63  -1.37]
[-39.09 -10.25 -17.65  -1.01]
[-39.28  -9.76 -13.58  -0.67]
